98122524603400773369121996800 15634981888541141702656655360 67110913898098385485673005056 250454608553972521421735198720 51080502931514316626382028800 0 0 0
83421651059519593883375763456 204538400966172391316941438976 0 0 0 0 0 0
83266735286028294318156939264 204207160240918513570705047552 0 0 0 0 0 0
122794890740526526140755476480 175230426727009136297092579328 67110913917592234064932241408 0 0 0 0 0
122794890745193152556199575552 0 0 0 0 0 0 0
122799726443803929126291636224 248206977876718745117274406912 0 0 0 0 0 0
83466112287529500299948457984 174090412325066514448756244480 67789725977443396398096580608 0 0 0 0 0
83266904044343825792520683520 174324941276497471659831197696 183462430554179471605462204416 0 0 0 0 0
83465508034991838779091714048 199374547192110858217845686272 45746717788899317654220701696 12770134460740987289514016768 0 0 0 0
83325877187602161271593500672 174286240923949346803083640832 63309981522347327606363258880 254183015362783904584521744384 0 0 0 0
98093510232697428310734405632 0 0 0 0 0 0 0
83466112287529764182739124224 174286240846401161131949293568 0 0 0 0 0 0
83267245307379508095152553984 0 0 0 0 0 0 0
83267243973161272810739335168 70624331109220151687087390720 63289684508465066554217725952 0 0 0 0 0
83267245309109189419225579520 16151248950051445774074511360 0 0 0 0 0 0
83266735286035225639458439168 0 0 0 0 0 0 0
83267243316831556061016096768 0 0 0 0 0 0 0
96729845592368964107352670208 0 0 0 0 0 0 0
83267472934142153808299425792 204557743484137264673221246976 281102230945203622424994643968 0 0 0 0 0
83267245309109189419225579520 204550248678795256360284979200 0 0 0 0 0 0
83466112287529764182739124224 204940819491824788007555170304 67093044735418942431306973184 0 0 0 0 0
98094114776360172235981324288 16773950571052290212565614592 64625324717224613760150274048 0 0 0 0 0
83267472934142153808299425792 204632706882943840757112373248 0 0 0 0 0 0
83267474338731631360794951680 303588569516665485126709280768 0 0 0 0 0 0
83267451100985952577681096704 174092810149045958012481568768 183006937055772575210697392128 103416639837733694282542350336 0 0 0 0
83267245309109189419225579520 0 0 0 0 0 0 0
83474842893090457678663122944 174287086845709924672777224192 263603857115330662286332264448 0 0 0 0 0
83267245309088800075600101376 303588572793002020338283839488 263603857115330662286332264448 0 0 0 0 0
83465507151323667394124054528 175234036110380752230972129280 47303873228498386401198342144 0 0 0 0 0
83267245309109189419225579520 75572370835749698969232474112 0 0 0 0 0 0
83267848453112964998087311360 174259403342531107758847033344 0 0 0 0 0 0
83267472934142153808299425792 204632706882823439835824390144 0 0 0 0 0 0
83325271754486337055649431552 175229589706883332349710303232 67110913857059773685910470656 0 0 0 0 0
83465507149548123241033236480 0 0 0 0 0 0 0
83421650174075878345317285888 254462216075224627078966018048 0 0 0 0 0 0
83267245309102486796342657024 0 0 0 0 0 0 0
96754624896733768071109410816 249510455918083070794997432320 0 0 0 0 0 0
83319928022097970255982755840 16156334757967244763924004864 0 0 0 0 0 0
83267246198269465365399470080 16154371397288528216800100352 64625324717193299668991213568 0 0 0 0 0
83267245309109189419225579520 0 0 0 0 0 0 0
122794886377936591020252725248 174286255718383264637382557696 0 0 0 0 0 0
98122525780526997318574014464 0 0 0 0 0 0 0
98093510309654815597939130368 199371456972746007314562023424 39614081257132168796771975168 0 0 0 0 0
83266735286034961756667772928 204323211851771151658715709440 0 0 0 0 0 0
83266735286048560516480106496 0 0 0 0 0 0 0
83267245309109066273923268608 0 0 0 0 0 0 0
83266734854236725621314027520 199355657763288688722802900992 0 0 0 0 0 0
122794890740581695236190765056 174091223753261868853833498624 263616248604981712235373002752 0 0 0 0 0
83325271754486337055649431552 15654249143764789008294477824 67110914128845590049813692416 250454561000997204806930006016 0 0 0 0
122799722081139878125983760384 15655845371604889673628909568 0 0 0 0 0 0
83267245309109189419225579520 0 0 0 0 0 0 0
83267243973161272810739335168 199256299148133679787059183616 262695731003177206557370744832 0 0 0 0 0
122794890740526526140755476480 175230426729314979306306273280 67096047661694383098756595712 0 0 0 0 0
83267243316831749575062585344 204790695159488548629796356096 42816281653564069382562250752 0 0 0 0 0
83466112287529764182739124224 218677997352118818816336592896 240886746871749718092455870464 0 0 0 0 0
83421650174075878345317285888 0 0 0 0 0 0 0
83266735286035049717597995008 15653398185961396297065824256 0 0 0 0 0 0
83421650174075614462526619648 175234053503092623079664254976 0 0 0 0 0 0
83421650174020709249881997312 174305598531276422322436702208 63228029291664720466307710976 0 0 0 0 0
83267245301320266640246439936 0 0 0 0 0 0 0
83466112287529500299948457984 16947431426337600718417952768 62536349186150670951417643008 20866255093423817780719779840 0 0 0 0
83267246194522470475427217408 0 0 0 0 0 0 0
83266941970849518194056495104 30508690540850831828172406784 263616327987144826831996190720 258501171585662699696499458048 75897142390007221680013836288 0 0 0
97038990606214797486416986112 0 0 0 0 0 0 0
98093509568662967392254558208 70102987118452339057612554240 67110914128840092491674812416 0 0 0 0 0
98122241995792523472788258816 16154963500804285090322448384 185953099784078454184476672000 268443656515451356752920969216 0 0 0 0
83267455449278084781189365760 174093643899385571668811317248 0 0 0 0 0 0
96884075286375996606134616064 228728765071087839854408499200 0 0 0 0 0 0
83267243316625393232761585664 199256299148133503865198739456 0 0 0 0 0 0
83466112287529764182739124224 175234053560739894578657624064 0 0 0 0 0 0
98093510306496666359245570048 175234036160843586055658536960 263616327890192178478894284800 0 0 0 0 0
83466112361316740477577330688 175229595646775104637111369728 263616365669234168520694038528 0 0 0 0 0
83266903306444789446560710656 199369492458003123099471446016 0 0 0 0 0 0
98093510235867839303100923904 199256299135370302521230753792 63242351506962968757439299584 0 0 0 0 0
83267245309078754937368739840 0 0 0 0 0 0 0
83266735286035049717597995008 204318134921429247558741393408 0 0 0 0 0 0
98093510235837563150918483968 204323217150756751690556243968 62539604076190291098228228096 253208772454691891252662632448 0 0 0 0
83466112287529764182739124224 174286255650216921414991085568 67786888557431487084124700672 0 0 0 0 0
83267245248793306442596614144 0 0 0 0 0 0 0
83267245303921095425052901376 175446827695084847582695915520 67110844327408264195071803392 0 0 0 0 0
83325517317547949876827914240 16154289359889519125731475456 297105609428491265975789813760 0 0 0 0 0
83421650985745002487512825856 174263181235717403475017990144 0 0 0 0 0 0
96884075287528830149811240960 0 0 0 0 0 0 0
83421650174075614462526619648 0 0 0 0 0 0 0
83267848453112964998087311360 0 0 0 0 0 0 0
83465507151323667394124054528 199374547161054738874940522496 0 0 0 0 0 0
83266735286034926572295684096 75575412965912646066703958016 62539965379794263100086026240 252899287444870546183937851392 51094822641798759384847745024 0 0 0
83267246112977005883466711040 0 0 0 0 0 0 0
83266735286034961756667772928 204323211831230233758278877184 0 0 0 0 0 0
83267451848059085247385436160 175234038779209352626728599552 67110927115351517985245233152 0 0 0 0 0
98093717351023893318249480192 218677994364052066253213270016 0 0 0 0 0 0
83267245301326846117827051520 303356455757975066190997880832 62616996616565174623954534400 0 0 0 0 0
122794890740526526140755476480 254462216075013802321409736704 63444427013375739088580116480 0 0 0 0 0
83267246194522505659799306240 0 0 0 0 0 0 0
83421650174009309513325215744 175234039098486840922090766336 0 0 0 0 0 0
83267243315131324056381423616 175234036123915089458011045888 67110844381545613103227469824 0 0 0 0 0
122793773882437844710553812992 174090390821667202857368027136 163672888801704491144731164672 0 0 0 0 0
83466112287529764182739124224 199989059334683266907958673408 185935288506815431229436854272 0 0 0 0 0
83180429318535925519160967168 248206977876718745117274406912 0 0 0 0 0 0
83266735286070990553686736896 242636247699934533880228347904 0 0 0 0 0 0
83266904044343825792520683520 15865735635367824877661716480 63464725234999148999274921984 103727362104601931908248502272 0 0 0 0
122798609606715726272565084160 199374547228996078037823913984 63301853365102733041382457344 0 0 0 0 0
83180429315919281359100575744 199601606225825082860885770240 0 0 0 0 0 0
83465509155267699665176363008 0 0 0 0 0 0 0
83267848453112964998087311360 175230261090940639868100804608 0 0 0 0 0 0
83325273309111864003481567232 0 0 0 0 0 0 0
98276930645500441644106776576 75074090041161803175156514816 0 0 0 0 0 0
83421650171782297089776549888 204790695159488724551656800256 0 0 0 0 0 0
83266735286034750650435239936 0 0 0 0 0 0 0
98122524455826820779445583872 244167460332703624107044896768 186804254663756714518461284352 0 0 0 0 0
98276930628465312170787209216 70125207042621886905440010240 0 0 0 0 0 0
98276930645500177761316110336 243935256588399487508147077120 166146059276154902157207797760 103677478290150598022801653760 0 0 0 0
83267245309033455058304368640 0 0 0 0 0 0 0
122794890740581695236190765056 0 0 0 0 0 0 0
97039028385146713220136828928 175234038803564995333408686080 0 0 0 0 0 0
83474842913309245060440653824 199256299163315701159018102784 185937988168618317704043954176 0 0 0 0 0
122794890740526526140755476480 174259403342531107758847033344 0 0 0 0 0 0
83325517317547949876827914240 16154289359889519125731475456 62623322457739233953331544064 252849253024038921148146122752 0 0 0 0
83267245309109330156713934848 174259403342531107758847033344 0 0 0 0 0 0
83466112287529764182739124224 175234053560738698310006603776 0 0 0 0 0 0
83267245301320213863688306688 0 0 0 0 0 0 0
83266735286034926572295684096 204318134921429247558741393408 0 0 0 0 0 0
83466112287529500299948457984 16947431426194521270295461888 0 0 0 0 0 0
98276930645500441644106776576 199256299128587177794969010176 0 0 0 0 0 0
83267245309109189419225579520 0 0 0 0 0 0 0
83266734854236725621314027520 15633625389921964454792134656 183447239571602289486613970944 0 0 0 0 0
83267245318312435995245543424 200205610510205629276824272896 0 0 0 0 0 0
83266903306444789446560710656 16947422059742405173354430464 184395991641828654372429496320 250148708189177946362345422848 122803466543879394185036431360 0 0 0
122794890743752229373859594240 0 0 0 0 0 0 0
83267245309109189419225579520 0 0 0 0 0 0 0
83421650174088263244292554752 0 0 0 0 0 0 0
83266941970849518194056495104 30508690540850831828172406784 263616328014813676305165320192 258501227537368345481616293888 97952005608455714251393204224 0 0 0
83267547549767339652539219968 75575411245587778917959204864 0 0 0 0 0 0
83267471974911444383216697344 75075446618179748289402896384 0 0 0 0 0 0
83266904856000565035740954624 15634067544541627539787874304 0 0 0 0 0 0
83180205006416430693397561344 242636247699934533880228347904 0 0 0 0 0 0
83266735286004650420113244160 174091299311390990486822977536 0 0 0 0 0 0
98093510309654815597939130368 199371451650976943058458771456 0 0 0 0 0 0
83466112287529764182739124224 242636247699934533880228347904 0 0 0 0 0 0
82257186467915135008032948224 175230261090940639868100804608 0 0 0 0 0 0
83266867518061089629767991296 0 0 0 0 0 0 0
83421650174075878345317285888 0 0 0 0 0 0 0
83465508700773731537363402752 0 0 0 0 0 0 0
97038990606215061369207652352 174263181235717403475017990144 0 0 0 0 0 0
83421650174075878345317285888 0 0 0 0 0 0 0
98276950346622883667489325056 244767735035642576943882174464 0 0 0 0 0 0
83324003191118701237448474624 0 0 0 0 0 0 0
83267243973161395956041646080 204321175331267318711375101952 282497324436135049903787212800 0 0 0 0 0
83267243315144834855263535104 0 0 0 0 0 0 0
87135470289638437914473922560 204790695159488724551656800256 0 0 0 0 0 0
97038991417884185511403192320 174263193414258347593022046208 62539896983012807707971289088 0 0 0 0 0
98276930645500441644106776576 0 0 0 0 0 0 0
83267245309109242195783712768 0 0 0 0 0 0 0
83267245309109365341086023680 0 0 0 0 0 0 0
83238231087708756994959605760 0 0 0 0 0 0 0
83267246194522470475427217408 0 0 0 0 0 0 0
98276949534966144424269053952 244554973536123367948424314880 0 0 0 0 0 0
96884075286375855868646260736 0 0 0 0 0 0 0
83325517317547949876827914240 174266912837103087348195786752 67095764817767500910201667584 0 0 0 0 0
83421650174075614462526619648 242636247699934533880228347904 0 0 0 0 0 0
83345219708751220301912604672 205153601289755512773663522816 59421121885698253195157962752 0 0 0 0 0
83421650174075614462526619648 203801877316326378554804666368 63302169722336796220999073792 250493525019782272593287970816 0 0 0 0
83267245309109154234853490688 0 0 0 0 0 0 0
83267245312567830787743809536 175234036122762167953404198912 0 0 0 0 0 0
98040921968803469630206115840 244148029259844501231194079232 67093057413989425054025252864 0 0 0 0 0
83266735286028294318156939264 15652964720060597209325895680 0 0 0 0 0 0
83466112287529764182739124224 174286255718383264637382557696 0 0 0 0 0 0
98093510235837563150918483968 204323217150757209087393398784 300298127870900526748159442944 268443424053036835963716763648 0 0 0 0
83267451099270081119652937728 0 0 0 0 0 0 0
83267451100985952577681096704 174266895491541969457607868416 263616320986137076497974820864 100942048247235921517182189568 0 0 0 0
83466112287529764182739124224 199374547228995339166010048512 0 0 0 0 0 0
83267245301326846117827051520 70122329931593203518265098240 299581489507062026525588062208 0 0 0 0 0
83266734854236672844755894272 15827503349526369286077022208 64625303342351051436056379392 253858857199144588337672617984 0 0 0 0
83294988971447950137255526400 0 0 0 0 0 0 0
83266905298692023507285442560 204321177067566928727426203648 44818252185521959750057590784 100024255579002640485486428160 0 0 0 0
98093510235837563150918483968 204323217150757209087393398784 183459421142658906912412663808 268384145253043275867564802048 0 0 0 0
83266904856000441890438643712 199369484520048280782550073344 0 0 0 0 0 0
98093510235867839303100923904 199256299135370302521230753792 62613671843484173254820626432 0 0 0 0 0
83267245309078754937368739840 14855280471424563298789490688 0 0 0 0 0 0
83267243973161395956041646080 70624331109220151687087390720 63299355915021983587615375360 0 0 0 0 0
83267243316831556061016096768 0 0 0 0 0 0 0
83267474338731631360794951680 204321177058339053090944057344 67110914128665534025649094656 268384145253015304291754180608 0 0 0 0
83421650174075878345317285888 199369505217336226831266742272 63385585146407562591806160896 0 0 0 0 0
83465509134314702398835130368 0 0 0 0 0 0 0
83267472934142153808299425792 76195072524678132078190002176 240886746913254892258302361600 0 0 0 0 0
83266904044343825792520683520 303357060252040283146525081600 82343310834119212589996048384 100006287564831131844153966592 0 0 0 0
122794890743764614272834863104 0 0 0 0 0 0 0
83466112287529500299948457984 16947431426194521270295461888 0 0 0 0 0 0
83180200661278067274257793024 204323212428390726217748185088 102150351462972612570859438080 100044912672134341479756726272 75839282604923329763782688768 0 0 0
97038990606215061369207652352 0 0 0 0 0 0 0
83267245309109189419225579520 204555330830574539636593393664 0 0 0 0 0 0
83325273740661768840632336384 15653410062562325300433125376 62536270353994032505648316416 0 0 0 0 0
83320436051207878538950606848 175234038780362274131335446528 0 0 0 0 0 0
83267243316831556061016096768 0 0 0 0 0 0 0
98276930645500230537874243584 249506648690668197394406965248 0 0 0 0 0 0
83266735286048701253968461824 199374547229220202488029773824 284970543554331481380296327168 91688755789989971091234226176 0 0 0 0
83267245309073160622206615552 0 0 0 0 0 0 0
83267245309109189419225579520 0 0 0 0 0 0 0
83421650174075878345317285888 0 0 0 0 0 0 0
83266735286048560516480106496 0 0 0 0 0 0 0
97038990606214797486416986112 199256299104296168779816108032 62539594899994498279134986240 0 0 0 0 0
83320640866182898050056323072 0 0 0 0 0 0 0
83266640826812212541552328704 0 0 0 0 0 0 0
83267472934142153808299425792 204556160273615174680438636544 67110914128822078093165330432 0 0 0 0 0
83267454044676222329718571008 75575411231869137153825964032 163652669722611934559484248064 0 0 0 0 0
83238231087722267793841717248 0 0 0 0 0 0 0
98094114702573195941143117824 229702814042079113442058305536 0 0 0 0 0 0
98276949534966144424269053952 244554973536123367948424314880 0 0 0 0 0 0
87135470291932019170014658560 0 0 0 0 0 0 0
83267245320850900480524550144 0 0 0 0 0 0 0
83267471974911444383216697344 0 0 0 0 0 0 0
83267245301326846117827051520 0 0 0 0 0 0 0
83421650174009309513325215744 174090392616801451377294311424 0 0 0 0 0 0
83266904044343825792520683520 15634067520331001620718419968 0 0 0 0 0 0
83267245312567830787743809536 16156331179379391909563727872 64625324407322916201531703296 0 0 0 0 0
83466112287529764182739124224 174286255718116989309414277120 0 0 0 0 0 0
83421650174075931121875419136 0 0 0 0 0 0 0
83266734850777908330935353344 199369492458003123099471446016 0 0 0 0 0 0
83267472934142153808299425792 204632706919758023329843249152 185953098413197927261640065024 0 0 0 0 0
83325876892454203315682541568 204940830640651489508872683520 302304667296899343004215541760 253549595379380988850141659136 97996796391918818715003518976 16390858693351334294616801280 0 0
122794890726458406804756889600 175234053507926744698437238784 63224821855737178011939635200 0 0 0 0 0
83421650174075614462526619648 303588567789327475419172044800 297105609428491265975789813760 0 0 0 0 0
122794886377655116043542069248 175234053503093186029617676288 0 0 0 0 0 0
83320436051207878538950606848 175229589404939776807632109568 63212313256009730287036530688 0 0 0 0 0
83325876966253828392286683136 174267729464936217302064431104 0 0 0 0 0 0
83421687953020126201454264320 16154963500804478604368936960 62534501559890097589935144960 0 0 0 0 0
83267472934142153808299425792 204557743496819401223896563712 281102230945203622424994643968 0 0 0 0 0
83266734850777908330935353344 0 0 0 0 0 0 0
83266735286028294318156939264 203800953522811133022982635520 0 0 0 0 0 0
83325517317547949876827914240 174266912905003436717595688960 185937928991463329243802370048 0 0 0 0 0
98122185770146986103559684096 0 0 0 0 0 0 0
98093510235867839303100923904 199256299135370302521230753792 59421121885698253195157962752 0 0 0 0 0
83266941970849641339358806016 15827503325368920147373326336 62613653264212902009056002048 0 0 0 0 0
98122523791714883873626128384 75074531968842490587557920768 0 0 0 0 0 0
83421650174075614462526619648 249510455918083070794997432320 0 0 0 0 0 0
83267455449278084781189365760 174091231359206209722676936704 0 0 0 0 0 0
96884075287528830149811240960 175230246333545380900459511808 0 0 0 0 0 0
83267245301320266640246439936 0 0 0 0 0 0 0
83266734854236672844755894272 204318134921429247558741393408 0 0 0 0 0 0
98276930645500177761316110336 242636247699934533880228347904 0 0 0 0 0 0
98093510232697428310734405632 0 0 0 0 0 0 0
83421650174075878345317285888 0 0 0 0 0 0 0
83465507151323667394124054528 174820344922832295695910699008 0 0 0 0 0 0
83321041262975422652145991680 175229595589093458006587211776 183691861882761677437881286656 0 0 0 0 0
83267245309109189419225579520 204318134921429247558741393408 0 0 0 0 0 0
83267451100985952577681096704 16947434740721724258483437568 186789012768472028182795517952 0 0 0 0 0
83267471974911444383216697344 174091223753527264572499558400 0 0 0 0 0 0
83466112287529764182739124224 199374547228994142897359028224 0 0 0 0 0 0
83421688767834803577135562752 174266912905269430570587258880 47303803698842179796685815808 253777708053502956354320465920 0 0 0 0
98276930645500441644106776576 0 0 0 0 0 0 0
83267451848059138023943569408 70103429279895373392493150208 67114238448891684017286414336 0 0 0 0 0
83344611598449944369161043968 0 0 0 0 0 0 0
83421650174075878345317285888 0 0 0 0 0 0 0
83267471974911444383216697344 0 0 0 0 0 0 0
83266734854236725621314027520 15866183965130471260871983104 262695699099748905724489498624 250454608334485125166578794496 83141404562353597125398364160 0 0 0
83266735286034926572295684096 204318134921429247558741393408 0 0 0 0 0 0
122794890740526526140755476480 174259403342531107758847033344 0 0 0 0 0 0
83267455449265699882214096896 0 0 0 0 0 0 0
98093510235867839303100923904 70275549835254293688651612160 185938650791290930548904558592 0 0 0 0 0
83421650159952589913883410432 199369501915589714018998157312 67096709019893334076012101632 0 0 0 0 0
83267472934142153808299425792 204632694191585818001033658368 263616365715926891322945830912 98202253253115942490557382656 0 0 0 0
83325876892454467198473207808 15636488096468879600890413056 63302155283436718627510812672 271108868603498280202908205056 0 0 0 0
87135470291932019170014658560 15633625389971959248507109376 63319722486752993707705761792 250145396744605498555437678592 0 0 0 0
98093510235837563150918483968 204323217150640115497081765888 164506140651846052459589926912 171265136761425634327816830976 0 0 0 0
83319928022097970255982755840 244558695692776086082311684096 0 0 0 0 0 0
98122015777327383510020784128 199989152011345114075324481536 185938650791290930548904558592 0 0 0 0 0
83266734854236725621314027520 204322000269662119080662925312 44818284005833057313212071936 256644388477155251774874976256 83136906075720533176790024192 199369490731947618938944225280 0 0
83267245308873577271532716032 0 0 0 0 0 0 0
82257186467914871125242281984 12111728215676576275237961728 0 0 0 0 0 0
83266735286035049717597995008 0 0 0 0 0 0 0
83267547532775170297540116480 204321857109210142629571854336 0 0 0 0 0 0
83325876892454467198473207808 174259403342531107758847033344 0 0 0 0 0 0
83266903306444789446560710656 12111718493053512322817982464 184395991641828654372429496320 268372235444773478622335860736 122797849053175573049954533376 0 0 0
83267243316831556061016096768 15653410062562325300433125376 184318630987814933223757053952 0 0 0 0 0
83325517317547949876827914240 174266912905003331164479422464 300307799226588863777942274048 0 0 0 0 0
90849290409788159994712031232 174263181235717403475017990144 0 0 0 0 0 0
98122523791714883873626128384 75074531968842490587557920768 0 0 0 0 0 0
83267542577449511759273525248 0 0 0 0 0 0 0
83465509135743944369641619456 0 0 0 0 0 0 0
83319928022097970255982755840 244558678310061502718940282880 67110913901966757663258705920 0 0 0 0 0
96884075286375996606134616064 174265372413765454990397145088 0 0 0 0 0 0
83421650174075878345317285888 75074090041161803175156514816 0 0 0 0 0 0
98093510235867839303100923904 199256299135370302521230753792 183459408119723115300576559104 0 0 0 0 0
83267848453112964998087311360 0 0 0 0 0 0 0
83267245309109189419225579520 0 0 0 0 0 0 0
98093510235867839303100923904 199256299135370302521230753792 0 0 0 0 0 0
83136683676622073666956427264 174286255718383264637382557696 0 0 0 0 0 0
83465507151323667394124054528 16944304287718642512681762816 0 0 0 0 0 0
83267451848059085247385436160 175229586135398012349480697856 185938650791291704605090512896 0 0 0 0 0
83421650174075667239084752896 254462216075224627078966018048 0 0 0 0 0 0
83267245312567830787743809536 175234053560735390979030253568 64625324554896868791208116224 0 0 0 0 0
83325876892387951143039270912 204940147155232550586633158656 25023593319135072244404846592 0 0 0 0 0
83267451100985952577681096704 15633621878177788514097168384 302301968409114185965219348480 0 0 0 0 0
83266941970849641339358806016 16774026196843809306518224896 42806612635646817610670014464 0 0 0 0 0
83267471974911444383216697344 175234038784852749987916808192 184321944935845703065469452288 20866255096947009277881483264 0 0 0 0
83325876892454467198473207808 70102987118452339057612554240 0 0 0 0 0 0
83267245309109189419225579520 0 0 0 0 0 0 0
83466112287529500299948457984 174090412325066514448756244480 67093044735418933635213950976 20866255093423817780719779840 0 0 0 0
98122524455826820779445583872 15828410019680256426795597824 65545921604852937248112377856 262183686419411748992449511424 97996795506474962439456686080 0 0 0
83267245309109189419225579520 16156331179379394108586983424 64604995800205783096298045440 0 0 0 0 0
83267451848059085247385436160 70103429279895373392493150208 67114238448891684017286414336 0 0 0 0 0
83266735305317211522184773632 0 0 0 0 0 0 0
97038990606214797486416986112 199582255457553605878660202496 0 0 0 0 0 0
83267246112983708506349633536 199992836932941454217215737856 263616327890297626042044514304 250447490487416799679976833024 0 0 0 0
83465507815330015999304925184 218675576512412836994863857664 63232690267383312806133628928 0 0 0 0 0
83267472934142153808299425792 15653410378553032491768217600 25003076182425986870991126528 0 0 0 0 0
83466112287529764182739124224 174264497595374503388621307904 0 0 0 0 0 0
83465507151323667394124054528 217877446914226928382245863424 0 0 0 0 0 0
98093717351023893318249480192 16947431426194521270295461888 0 0 0 0 0 0
98122185770146986103559684096 0 0 0 0 0 0 0
83266903309903553960381251584 16156326745243285191630258176 64620759369251887843591061504 99963658172294457198104281088 0 0 0 0
83267474338731631360794951680 70122329931737661753968820224 0 0 0 0 0 0
83170529915374445778161369088 15803078314002432571759132672 0 0 0 0 0 0
122794891552183265383975747584 175230430030129246995709165568 0 0 0 0 0 0
83325271756172935116099682304 0 0 0 0 0 0 0
83325876892454467198473207808 204944599631828157002497916928 0 0 0 0 0 0
83267245309109189419225579520 16156331192911527914323836928 0 0 0 0 0 0
98094114704866742012311764992 303588576679645090505994272768 0 0 0 0 0 0
97038991417884185511403192320 41420457625265146733459931136 0 0 0 0 0 0
83466112287529500299948457984 175230266233156957217964949504 163672888801884635129825984512 0 0 0 0 0
83325876892454467198473207808 15634974214695870922273849344 67114238726458882053617221632 0 0 0 0 0
122794890740526526140755476480 254462216075013802321409736704 106724995386858713951038865408 0 0 0 0 0
98093509571821116630948118528 243435225828708655504048521216 0 0 0 0 0 0
83267243973161272810739335168 199256299148133679787059183616 67110914128842344291488497664 0 0 0 0 0
83466112287529764182739124224 174286255718382209106219892736 67786888557431487084124700672 0 0 0 0 0
83266735286070990553686736896 15633625389971486458507165696 63212313256009730287036530688 0 0 0 0 0
83267451100985952577681096704 16468228765215839293735436288 281089760170236658669282394112 0 0 0 0 0
83267243316831432915713785856 0 0 0 0 0 0 0
83267246194522470475427217408 0 0 0 0 0 0 0
83421650157070286152366292992 199256299128587916666782875648 263616340876700006370418622464 0 0 0 0 0
83266735286048613293038239744 75575412972780635498443964416 163199896303069904002168651776 268443418567205683485296558080 0 0 0 0
83180202650096936118646734848 0 0 0 0 0 0 0
83267246194546202334401134592 0 0 0 0 0 0 0
83266735286070990553686736896 243932216178561416355513368576 0 0 0 0 0 0
97038990606215061369207652352 242636247699934533880228347904 0 0 0 0 0 0
83266735286035049717597995008 0 0 0 0 0 0 0
137650167596444420087908139008 175234053560735109504053542912 0 0 0 0 0 0
83267471977814102303987204096 75884897982480735220950630400 67095764551015011283745374208 0 0 0 0 0
83319928022097970255982755840 244558695760676716926688296960 181379420684225936987059650560 0 0 0 0 0
122804562147083495950711259136 175230275667554161812440088576 0 0 0 0 0 0
83266904044343702647218372608 15634075225238214757587091456 183467568414856872959997378560 252897983884931348207551643648 0 0 0 0
98122524455826820779445583872 204321180600235195773768171520 0 0 0 0 0 0
83421650174075878345317285888 0 0 0 0 0 0 0
83266924197391600859371012096 70297696190346236612222910464 62536349186150679747510665216 171193856988608246741083357184 0 0 0 0
83267243316831556061016096768 15827503325314876951844880384 262695699126736269094670041088 258468714061723124084596801536 51080481976013048892331393024 0 0 0
98093717351023893318249480192 199992839522308402050158821376 0 0 0 0 0 0
83267243973161272810739335168 199256299148133679787059183616 262695730929391461715555647488 0 0 0 0 0
83267245309109189419225579520 75075446618179748289402896384 0 0 0 0 0 0
83319928022097970255982755840 244558695760941514511028846592 0 0 0 0 0 0
83267246194552605890121302016 0 0 0 0 0 0 0
83266735286048261449317351424 0 0 0 0 0 0 0
83421650174075667239084752896 249506648690668197394406965248 0 0 0 0 0 0
83465507151042192417413398528 0 0 0 0 0 0 0
83267243316830430161109254144 175229589677173754111016828928 67093058594580262919157579776 0 0 0 0 0
83267471974911444383216697344 80006508613232426382042071040 62534501559905860188630941696 0 0 0 0 0
83465511499557252802476507136 0 0 0 0 0 0 0
83170530800795643318082994176 0 0 0 0 0 0 0
83325479540298304525791395840 174266912905003120058246889472 240886687656486676960288702464 0 0 0 0 0
83421650159952589913883410432 199369501915589714018998157312 0 0 0 0 0 0
83267245309109066273923268608 0 0 0 0 0 0 0
83319928022097970255982755840 244558695692919005001736519680 186789445322290548634999062528 250145080325296025931494719488 0 0 0 0
83266734854236725621314027520 199427530410044509240539742208 0 0 0 0 0 0
83267848453112964998087311360 174265308739420657698058797056 183467616730549824595387482112 0 0 0 0 0
83180202650090180719205679104 0 0 0 0 0 0 0
83266904044343702647218372608 199371456976294843820929974272 64625305758874525092007641088 91703262902724908337357389824 0 0 0 0
122794891552250819378386305024 0 0 0 0 0 0 0
83466112287529764182739124224 70102987118452339057612554240 0 0 0 0 0 0
83267243315144834855263535104 0 0 0 0 0 0 0
83466112287529764182739124224 303588567789141455643938390016 0 0 0 0 0 0
83267245312249324259409657856 204538400671024486137588613120 163672888801861870841084510208 0 0 0 0 0
83320098034755119967530647552 303588578971824459925222850560 62536270081324006482873679872 0 0 0 0 0
98093717351023893318249480192 175230246333545380900459511808 0 0 0 0 0 0
90849290409788159994712031232 0 0 0 0 0 0 0
83266925009048340102591283200 174092827529453678019848699904 63397094011873641291801690112 171193856988608246741083357184 0 0 0 0
83325876892454467198473207808 15634974245879091610326663168 0 0 0 0 0 0
83267245312568006709604253696 204323229221989160849808293888 67110913898566759846919536640 0 0 0 0 0
98276930645500441644106776576 243940376427843815102442635264 0 0 0 0 0 0
83267245301320266640246439936 0 0 0 0 0 0 0
83267243315144834855263535104 174090412325066338526895800320 0 0 0 0 0 0
97039029196737147514155696128 199989076453482443692163727360 280504152721773295421221765120 0 0 0 0 0
83267245309109066273923268608 14855280471424563298789490688 0 0 0 0 0 0
98122523791714883873626128384 15634981898917699126908944384 240868877750101964312643895296 0 0 0 0 0
83319928027875226560782925824 15655845314038858889788653568 67110844326205380882098814976 0 0 0 0 0
83325876895624737453351370752 15656676440213545199599616000 281089760170236658669282394112 0 0 0 0 0
83267245309109189419225579520 0 0 0 0 0 0 0
83421650174075614462526619648 0 0 0 0 0 0 0
97038991417871870981172101120 0 0 0 0 0 0 0
122794890740581695236190765056 303588572793005433222376456192 0 0 0 0 0 0
83267245301340356916709163008 0 0 0 0 0 0 0
122804562147083443174153125888 175234053560735953928983674880 0 0 0 0 0 0
83421650174075667239084752896 175234039393860805692114337792 0 0 0 0 0 0
83421650174075878345317285888 14855280471424563298789490688 0 0 0 0 0 0
83320436051207878538950606848 174091223421225014311061028864 63212313256009730287036530688 0 0 0 0 0
83267245309109189419225579520 0 0 0 0 0 0 0
83319928021803160402250432512 203800953559651140924826714112 185938348559836026891610882048 0 0 0 0 0
83267245301320266640246439936 0 0 0 0 0 0 0
98276930628457765122974154752 174823472129248737361198579712 0 0 0 0 0 0
83466112287529764182739124224 218677997352385094144304873472 0 0 0 0 0 0
83319928021803160402250432512 229699712954195296204066127872 63397094011873641291801690112 0 0 0 0 0
98276930645500441644106776576 174263190680450369214308417536 0 0 0 0 0 0
83266904855970236107000381440 15633625389972524397483786240 63289684508465066554217725952 0 0 0 0 0
83267474339019861736946663424 254458438125284531808625491968 300296360312221165290302472192 0 0 0 0 0
98276930628458855838508908544 204940147155232550586633158656 25023555540203209287243137024 0 0 0 0 0
83465509083210105627248427008 0 0 0 0 0 0 0
83267243973161395956041646080 204535980119152000750665596928 24550601092210848579801055232 0 0 0 0 0
83266734854236725621314027520 204322008224937312983241981952 24547015821030621172776042496 20785378942372667743201656832 0 0 0 0
96884075286375908645204393984 175234038725872518552338038784 0 0 0 0 0 0
83319928022097970255982755840 244558695692774924998032752640 63212313256009730287036530688 0 0 0 0 0
83325479540298304525791395840 174266912905003155242618978304 240886687656486676960288702464 0 0 0 0 0
98122185770146986103559684096 0 0 0 0 0 0 0
83344106106691885966634778624 175234036147233848719233253376 62536314948617258937790496768 20866254507297377504773275648 0 0 0 0
83267245301326846117827051520 204321175331267318711375101952 282497324436711510656090636288 0 0 0 0 0
83266734854236725621314027520 200298544326012444878607220736 263613528521887579319729913856 0 0 0 0 0
98276930645500177761316110336 199256299128587177794969010176 0 0 0 0 0 0
83465507813630909894577094656 199374547192110858217845686272 262691166835684478937771016192 253207413460420889342830968832 0 0 0 0
83180202653555612671537053696 0 0 0 0 0 0 0
97038990606215061369207652352 75074090041161803175156514816 0 0 0 0 0 0
83466112287529764182739124224 218677997352385094144304873472 63310061519838649073314824192 0 0 0 0 0
83267245309088923220902412288 199582187854767865461357936640 67110856013259208990929190912 247588007857076054979824844800 0 0 0 0
83421650157070286152366292992 303588567789327475419172044800 297105609428491265975789813760 0 0 0 0 0
83266734854236672844755894272 15846846169490389492335378432 183467568419252386196310982656 252910015713574004873110749184 0 0 0 0
83267451100985952577681096704 16947434740722287208436858880 62613671843484173254820626432 0 0 0 0 0
83465507151323667394124054528 199374547210678882822145441792 63232642145651407514522091520 247588007857076054979824844800 0 0 0 0
122793773831379673717938323456 174090338538091099219852001280 0 0 0 0 0 0
98122224359006082901729083392 175230258548975661409976188928 67110856183315122124346097664 0 0 0 0 0
98093510235867839303100923904 199256299135370302521230753792 64617466699581977361469407232 0 0 0 0 0
122793774769634586403566256128 199369416901318671784449409024 0 0 0 0 0 0
83180504873762934589147316224 303588549694038440839475101696 0 0 0 0 0 0
98276930645500177761316110336 243436798447074783267620126720 67093058594576823646785896448 253563879299158618819044311040 0 0 0 0
83465507807578071995391148032 199374547192110365636636442624 84444726140098470593855225856 20866254503192421211215757312 133896548630777881358879424512 0 0 0
83267451100985952577681096704 95693970727625703699842596864 64604995800205783096298045440 0 0 0 0 0
83180202650096936118646734848 0 0 0 0 0 0 0
83465507813630909894577094656 16947414043474574489203769344 67789687971473826022212763648 250145396742296840796456878080 83465018029153481222074138624 0 0 0
83319928022098058216912977920 174090412325067394058058465280 0 0 0 0 0 0
83266941970849782076847161344 174286255650269803526240600064 183462732785634551184616325120 0 0 0 0 0
83267245309109189419225579520 0 0 0 0 0 0 0
83267547540488358715598045184 0 0 0 0 0 0 0
83465509143571851432895184896 0 0 0 0 0 0 0
83267243316831432915713785856 0 0 0 0 0 0 0
83465509143290376456184528896 0 0 0 0 0 0 0
97038990606214797486416986112 199256299128587177794969010176 0 0 0 0 0 0
98122524455826820779445583872 75074531968842481791464898560 44821880170542644139873271808 252944758163788476852947910656 0 0 0 0
83267451848059138023943569408 70103436923886167893827649536 67110927115351517985245233152 0 0 0 0 0
83466112287529764182739124224 0 0 0 0 0 0 0
83267245309109189419225579520 0 0 0 0 0 0 0
82257186467915135008032948224 242636247699934533880228347904 0 0 0 0 0 0
83267243316831432915713785856 0 0 0 0 0 0 0
83267245309145130255314321408 242636247699934533880228347904 0 0 0 0 0 0
96884075286375908645204393984 303588572793042552734930173952 0 0 0 0 0 0
98122523791714883873626128384 204940836610623964791760224256 67114238454372784666121863168 268384190646777532395026382848 0 0 0 0
83465507151323667394124054528 175229586212383423989054177280 67110844327408264195071803392 0 0 0 0 0
83266734854236725621314027520 258791294395630283980107939840 300298159696145704731191279616 258481885218918283642406961152 0 0 0 0
83466112287529764182739124224 175230261090940639868100804608 0 0 0 0 0 0
83267451848059085247385436160 70103429279895373392493150208 67110913902887743787055972352 0 0 0 0 0
83267245309078790121740828672 0 0 0 0 0 0 0
83267245303921042648494768128 0 0 0 0 0 0 0
83267471974911444383216697344 175443037099126542882968698880 67095987451521726510780121088 0 0 0 0 0
98276930645500177761316110336 16947431436267171481607208960 0 0 0 0 0 0
83266903306444789446560710656 16947422059742405173354430464 184395991641828654372429496320 268372235444773478622335860736 122797849053175573049954533376 0 0 0
122799726443803911534105591808 247588007857076054979824844800 0 0 0 0 0 0
83267245309122401150944935936 0 0 0 0 0 0 0
83267451100985952577681096704 175230246333545380900459511808 0 0 0 0 0 0
87135470291932019170014658560 0 0 0 0 0 0 0
83465509143490012583416561664 0 0 0 0 0 0 0
83266735286004650420113244160 175234053502867443098295730176 0 0 0 0 0 0
98093510235867839303100923904 199256299135370302521230753792 67110914128822078093165330432 0 0 0 0 0
83466112287529764182739124224 0 0 0 0 0 0 0
122799726443803823573175369728 174266898328435232244506820608 0 0 0 0 0 0
83320436051207878538950606848 175230341743745834893826850816 63227424828754913151720357888 0 0 0 0 0
83421650174075878345317285888 74276402357122816493947453440 0 0 0 0 0 0
83266735286034926572295684096 0 0 0 0 0 0 0
122794890740581695236190765056 174286255718383264637382557696 0 0 0 0 0 0
83267245309109189419225579520 75075446540934007480744148992 0 0 0 0 0 0
83325517317547949876827914240 174266912905003718192572399616 280411948473809356230450216960 0 0 0 0 0
83266735286035049717597995008 0 0 0 0 0 0 0
83267353682790196973464977408 0 0 0 0 0 0 0
83319928022097970255982755840 244771449304149279477147369472 184310491896731814239569707008 0 0 0 0 0
83267245309109189419225579520 0 0 0 0 0 0 0
83267245301326846117827051520 0 0 0 0 0 0 0
83421650157037371172277190656 199372363656824707843761373184 64161065327548560212695711744 171230030095148706710736076800 86855940277258599584787070976 0 0 0
83267848453112964998087311360 244148029258691614910959321088 163199896427695553584346169344 0 0 0 0 0
98175605189004454106236977152 204533946275519211971146678272 0 0 0 0 0 0
83266735286034926572295684096 174092827529454874288499720192 163884787021755620263028850688 20778177169766687989846507520 122804562147138612269588414464 0 0 0
97038991417862846189731315712 0 0 0 0 0 0 0
82256581331427563242707222528 0 0 0 0 0 0 0
83325517317543446277200543744 199601606215396646079988498432 67777217150874570050727051264 0 0 0 0 0
83267472934142153808299425792 204632714831329512392233058304 47303803698842179796685815808 0 0 0 0 0
98123128924537528296876802048 0 0 0 0 0 0 0
98094114778587184659529990144 259413976232366148178562514944 185938046328381123234317205504 0 0 0 0 0
98276930645500177761316110336 242636247699934533880228347904 0 0 0 0 0 0
83266735286034117331737640960 0 0 0 0 0 0 0
83266735286035049717597995008 204318134921429247558741393408 0 0 0 0 0 0
98093717351023893318249480192 175229595589093633928447655936 300301452339046236620408750080 0 0 0 0 0
83320116916462475188058980352 199989076453482443692163727360 67093082473887018267707441152 250447490487416799679976833024 0 0 0 0
83267240345994608101979848704 0 0 0 0 0 0 0
97038990606148686051262070784 243822140562331125149111156736 0 0 0 0 0 0
97039009495680992847788507136 175234053503315058680009850880 0 0 0 0 0 0
122794890740526526140755476480 175234039984157495660122210304 63319663462356172754290475008 0 0 0 0 0
98122018120984866994931105792 175230258481173089410611150848 240886746917395318796971933696 271158752952905192225932050432 0 0 0 0
83180205006416430693397561344 175230275611063752467727515648 0 0 0 0 0 0
83267472934142153808299425792 204632694191585818001033658368 263616365711315205304518443008 177430415767380280084101332992 0 0 0 0
82257186467915135008032948224 174259403342531107758847033344 0 0 0 0 0 0
83474861782556389157243977728 244558695692776086082311684096 185937977853181742085218238464 0 0 0 0 0
98276930645500177761316110336 249510455918083070794997432320 0 0 0 0 0 0
83266904855970165738256203776 15633625389972524397483786240 63299355915021983587615375360 0 0 0 0 0
83267471980970685838122811392 0 0 0 0 0 0 0
83267242947850213623481761792 0 0 0 0 0 0 0
83325876895625054112700170240 229699622856390860111081373696 0 0 0 0 0 0
83267245309078790121740828672 14855280471424563298789490688 0 0 0 0 0 0
83466112287529764182739124224 174259403342531107758847033344 0 0 0 0 0 0
98093510235837563150918483968 204321252615144644199067942912 181388196157272051182156644352 268443656518905547298369961984 0 0 0 0
83344617734367223624838938624 75075371029463251110661718016 27478963170205308779606573056 250483905990261073458273189888 0 0 0 0
83421650171782297089776549888 175234038746769220823337140224 0 0 0 0 0 0
83325876969411977630980243456 174267729464936217302064431104 0 0 0 0 0 0
83320436051207878538950606848 175234038766451358569829761024 0 0 0 0 0 0
83180408441943387940547723264 199369492459182362514400739328 19807040628566084398385987584 0 0 0 0 0
83266641638468951784772599808 0 0 0 0 0 0 0
83267471974911444383216697344 174286255718117200415646810112 67095734082667131981308887040 0 0 0 0 0
83266734854236725621314027520 204940836610622909260597559296 185938362777659869947341307904 0 0 0 0 0
83465509135743944369641619456 16944304287718642512681762816 0 0 0 0 0 0
83267245312492219572124909568 0 0 0 0 0 0 0
83266905298722422804770193408 303588572829941212985046335488 0 0 0 0 0 0
83466112287529500299948457984 199374547228994142897359028224 0 0 0 0 0 0
98093513916894265816421236736 0 0 0 0 0 0 0
83266735286035049717597995008 0 0 0 0 0 0 0
98093513917182496192572948480 174266898365328720391925923840 0 0 0 0 0 0
83266734850777908330935353344 0 0 0 0 0 0 0
98093513916894265816421236736 0 0 0 0 0 0 0
83266734850777908330935353344 0 0 0 0 0 0 0
83267471974911444383216697344 95595224545598868243299172352 27496832871712655992948785152 250469346525379157034151182336 0 0 0 0
98040921968803733512996782080 15653410062562327499456380928 284973494723495264070678872064 0 0 0 0 0
83180805867887687992346673152 175234053560735109504053542912 0 0 0 0 0 0
83266905298722422804770193408 0 0 0 0 0 0 0
96884075286087678269052682240 199256299172264846199812521984 67095722998998685810648154112 0 0 0 0 0
83325271754486337055649431552 199601615728069015841697431552 0 0 0 0 0 0
83266905298722475581328326656 0 0 0 0 0 0 0
83266943072754369367352803328 16040274269540696392875376640 25006119692462845881948831744 0 0 0 0 0
98122524529613797074283790336 175234038766581294455953817600 164581124793797316713618866176 0 0 0 0 0
83267245732443877625168920576 0 0 0 0 0 0 0
83267455449278084781189365760 204321265374432430459612823552 0 0 0 0 0 0
83267246175165735394198159360 0 0 0 0 0 0 0
83266734854236672844755894272 16155046677249309491379306496 163199896427692668465834885120 258501298555178549422902476800 0 0 0 0
83267245301326846117827051520 0 0 0 0 0 0 0
98122015757164680017352851456 175234038736695548066211561472 39614081257132168796771975168 0 0 0 0 0
83421650174075614462526619648 204940807276394507498038493184 0 0 0 0 0 0
83466112287529764182739124224 70102987118452339057612554240 0 0 0 0 0 0
83421669046512309850112786432 228562174558406397097349742592 44797955171639698697912057856 0 0 0 0 0
83466112287529764182739124224 204940819491824788007555170304 67110856133323811662208172032 0 0 0 0 0
83465507149548123241033236480 303356380278419719491160113152 67777217150874570050727051264 0 0 0 0 0
83267455449278084781189365760 203800953522721799902249091072 281089760170236658669282394112 0 0 0 0 0
83267243316831556061016096768 0 0 0 0 0 0 0
83421669875198320368699834368 244767735035642576943882174464 0 0 0 0 0 0
83266923007632674402028486656 16040269283182001658817150976 63533966813955577936607182848 250454537494141094129175625728 0 0 0 0
83267245310762837315214639104 0 0 0 0 0 0 0
82257186467915135008032948224 174286240846401161131949293568 0 0 0 0 0 0
83266906184135739045343920128 244167451202496813871868674048 164588962819286969092329701376 100044846559004144254677155840 51080294272109081981421092864 75074535760917955432952102912 83352763893551048933939085312 103758732089014752861258514432
86980555625221737721511280640 175234038688979030404918935552 0 0 0 0 0 0
83267245309109242195783712768 174266912905269430570587258880 184396023518378135623024246784 0 0 0 0 0
122794890740526526140755476480 174305598531497098704177856512 0 0 0 0 0 0
83466112287529764182739124224 204940819491824788007555170304 185935288506815431229436854272 0 0 0 0 0
83466112287529764182739124224 204940827176006083815543930880 67789725704778085081181847552 0 0 0 0 0
83266734854236672844755894272 175234053503053849901622362112 63319722759418305024620494848 247588007857076054979824844800 0 0 0 0
122794890740581695236190765056 15634974282642542716551954432 0 0 0 0 0 0
83325271754486337055649431552 175230266154848015053525876736 0 0 0 0 0 0
83267245309109189419225579520 75577433212619335228901556224 0 0 0 0 0 0
83267548721155414726767804416 0 0 0 0 0 0 0
83267471982713877961077948416 0 0 0 0 0 0 0
83466112287529500299948457984 16947431494135108367225454592 0 0 0 0 0 0
97038990606214797486416986112 249510455849965985693530324992 0 0 0 0 0 0
83267245309109154234853490688 0 0 0 0 0 0 0
83267245318312435995245543424 199584227908000728865637924864 297105609428491265975789813760 0 0 0 0 0
98093510235867839303100923904 199256299135370302521230753792 62613672152467136489455616000 0 0 0 0 0
97038990606215061369207652352 0 0 0 0 0 0 0
83325876892454467198473207808 174259403342531107758847033344 0 0 0 0 0 0
83267245312249324259409657856 75075748849936393121730396160 0 0 0 0 0 0
83267245312567918748674031616 0 0 0 0 0 0 0
83266904044343702647218372608 199371456976294843820929974272 64161097128728357762687303680 252897983884931348207551643648 0 0 0 0
82256581331709038219417878528 0 0 0 0 0 0 0
83266941970849518194056495104 15634075225229207558332350464 183467568405597472126123638784 253826354610899146947531112448 0 0 0 0
122794890740515267141687050240 175234036147233848719233253376 67110857002984662306146746368 0 0 0 0 0
98276930645500177761316110336 174259403342531107758847033344 0 0 0 0 0 0
83263292447614929078581198848 0 0 0 0 0 0 0
83421650174009450250813571072 199256299104296168779816108032 163884787022043850639180562432 250493294553323489051715567616 0 0 0 0
83266734854236672844755894272 175229586212383423989054177280 62539897130588185264717299712 268384239327735142914533097472 0 0 0 0
83267848453112964998087311360 174286240846401161131949293568 0 0 0 0 0 0
97038990589173176496447029248 174089950418644448357484855296 0 0 0 0 0 0
83466112361250171645585260544 218677994400680862369408090112 185935288506815431229436854272 0 0 0 0 0
122794886381060963261741006848 175234053560739401997448380416 67095685220066822853486444544 0 0 0 0 0
83421687952952624983601840128 75076366010089565888253526016 63245606249906721562516520960 100012389033197844189415473152 82941982632120478418241323008 0 0 0
87135470291932019170014658560 0 0 0 0 0 0 0
98276930645500177761316110336 243940376427843815102442635264 0 0 0 0 0 0
83266903306444789446560710656 16947422059742405173354430464 184396061219490048819037470720 268443656518905582482742050816 0 0 0 0
83320116916462422411500847104 175234053560735672454006964224 263616327890192178478894284800 268443707574650929302055419904 0 0 0 0
98093510235837563150918483968 204323209476789971681164656640 22991468348376187936041861120 253588376047494565167206760448 0 0 0 0
83180202650096848157716512768 0 0 0 0 0 0 0
83421650174075878345317285888 0 0 0 0 0 0 0
122793774777063537871704555520 303356465270674950131680280576 0 0 0 0 0 0
83319928022097970255982755840 244558695760676365082967408640 282494611262071863238610386944 0 0 0 0 0
83266735286035014533225906176 0 0 0 0 0 0 0
98276930645500441644106776576 0 0 0 0 0 0 0
83265974751777199037062578176 0 0 0 0 0 0 0
83466112287529764182739124224 0 0 0 0 0 0 0
103228710503708338470162268160 253509326521548508677535694848 0 0 0 0 0 0
83466112287463195350747054080 218677994400639767022808334336 240886689294360539332622680064 12808759197202034411664572416 62223036507429575485332389888 0 0 0
83325876966185201274527416320 174305598531230717823093309440 61897001964269013744956211200 0 0 0 0 0
83266734854236725621314027520 0 0 0 0 0 0 0
83421650174075878345317285888 174263181235717403475017990144 0 0 0 0 0 0
83267451100985952577681096704 15634067565439198424972918784 67110914128825605326467235840 0 0 0 0 0
83266736171478642110354161664 14855280471424563298789490688 0 0 0 0 0 0
83267245301320266640246439936 0 0 0 0 0 0 0
83266923745466373369019498496 175234053560735390979030253568 0 0 0 0 0 0
122794890740526526140755476480 175230426783502290022828081152 0 0 0 0 0 0
83421650174088263244292554752 0 0 0 0 0 0 0
83267245309109189419225579520 0 0 0 0 0 0 0
82256583263595476452542251008 0 0 0 0 0 0 0
83266905298703282506353868800 303358412317730248007847247872 163652669768247331796094550016 258480619625368322116014833664 75897142390007221680013836288 0 0 0
83421650174075667239084752896 175234039098486840922090766336 0 0 0 0 0 0
83267547532775170297540116480 199369492459182855095609982976 0 0 0 0 0 0
98093717351023893318249480192 75788182189839654585544736768 263616320985970232205529579520 0 0 0 0 0
97038990606215061369207652352 199256299128587177794969010176 0 0 0 0 0 0
83267245309155052248243372032 0 0 0 0 0 0 0
83465507151323667394124054528 199584226180698572033259208704 163658714388139836197390254080 100012333598847445315321069568 0 0 0 0
83474861799538425413081497600 174262530480979470138464010240 185938650791290895364532469760 21713706835003819156299579392 0 0 0 0
97039028385091755230934073344 174266912905048754188846104576 63382809575507255957831811072 0 0 0 0 0
83266904044343825792520683520 174324941276497471659831197696 183462430554179436421090115584 0 0 0 0 0
83267451848059085247385436160 70103429279895373392493150208 67114238448891684017286414336 0 0 0 0 0
83266905302160622053104812032 0 0 0 0 0 0 0
98093510380283730615013998592 175234053503053849901622362112 67096079773608217305686212608 237684487542793012780631851008 0 0 0 0
83267453085445530496821886976 0 0 0 0 0 0 0
98276930645433872812114706432 16947431436570812612733829120 0 0 0 0 0 0
83267245309078754937368739840 0 0 0 0 0 0 0
97038990606215061369207652352 0 0 0 0 0 0 0
83421650174075878345317285888 175234053503092623079664254976 0 0 0 0 0 0
96961446538831068990525145088 175230275599657330880249069568 300296360355516731414261268480 0 0 0 0 0
83180089322505719723088412672 175234038803344354136039620608 0 0 0 0 0 0
83267245309122700218107691008 14855280471424563298789490688 0 0 0 0 0 0
83267455449278084781189365760 204321265374432360090868645888 0 0 0 0 0 0
122794890740526526140755476480 174305598531285429521691443200 67096104567075266693617942528 0 0 0 0 0
83267229868243974234954530816 0 0 0 0 0 0 0
83267242947925947984402972672 0 0 0 0 0 0 0
83266906184135739045343920128 244167451202496813871868674048 164588962819286969092329701376 100044846559004144254677155840 51080294272109081981421092864 263222075408414810625965817856 183463632396448693427099402240 171226468953302547133267705856
83267243315131324056381423616 0 0 0 0 0 0 0
98276930645500441644106776576 174263190680450369214308417536 0 0 0 0 0 0
83180202659301308594573541376 15803078314002432571759132672 0 0 0 0 0 0
98276930645500177761316110336 248367709274166399036253274112 67110856058334602965280620544 250493525077428347823630319616 0 0 0 0
82257186467914871125242281984 199355657763062664316504244224 0 0 0 0 0 0
83325517317547949876827914240 174266912837103087348195786752 185953098724126445535299108864 0 0 0 0 0
83421650174009274328953126912 145519023469823670370512666624 0 0 0 0 0 0
83325876892454203315682541568 175234038780059829268859846656 0 0 0 0 0 0
98093510235867839303100923904 199256299135370302521230753792 183467561404152661522014797824 0 0 0 0 0
122794890726458406804756889600 174324941344345220392958296064 63444427013375739088580116480 0 0 0 0 0
83267471974918023860797308928 0 0 0 0 0 0 0
83266903306444789446560710656 249510455918083070794997432320 263603857115330662286332264448 0 0 0 0 0
83267245312567953933046120448 0 0 0 0 0 0 0
83466112287463195350747054080 218677994376428309872948281344 62536349186151304270115241984 0 0 0 0 0
83266904044343825792520683520 243937298389442317151107022848 62613653264212902009056002048 0 0 0 0 0
86980555625221737721511280640 175229595589093633928447655936 67789687925846222124020137984 0 0 0 0 0
122794890740526578917313609728 174259403342531107758847033344 0 0 0 0 0 0
83325271754486337055649431552 75076949820482273999767732224 0 0 0 0 0 0
98122015777327383510020784128 199374701001329220136055341056 67110844340040438937380978688 0 0 0 0 0
83466112361316740477577330688 75076366010089565888253526016 0 0 0 0 0 0
83466112287529764182739124224 204940819491824788007555170304 163672888801704491144731164672 12808806420855212682908794880 0 0 0 0
98093510235867839303100923904 303588569515341074992541466624 0 0 0 0 0 0
83465509143526164525737836544 0 0 0 0 0 0 0
87135470291932019170014658560 242636247699934533880228347904 0 0 0 0 0 0
83466112287529764182739124224 174259403342531107758847033344 0 0 0 0 0 0
83266735286034926572295684096 0 0 0 0 0 0 0
83267244866311597289275129856 0 0 0 0 0 0 0
83466112287529764182739124224 199989059334683266907958673408 62536349186150670951417643008 271108868603498280202908205056 0 0 0 0
97038990606206106946511044608 75077783558940705743838380032 0 0 0 0 0 0
86980555625221720129325236224 203800973267772546205049946112 0 0 0 0 0 0
83267242951020747761150590976 0 0 0 0 0 0 0
83465507151323667394124054528 175229586212383423989054177280 67110914128844833585813782528 0 0 0 0 0
83325876892454467198473207808 303588567789141455643938390016 0 0 0 0 0 0
83266941970849641339358806016 303357135809782904452118740992 44810425997337020651488149504 0 0 0 0 0
83266904044343755423776505856 303588572761994525797605441536 67093044735418951227399995392 253468223043681611285595684864 0 0 0 0
122794890726458406804756889600 259413976179332603391577686016 63224821856602572827836547072 0 0 0 0 0
83267243316831696798504452096 174091223414478164672422871040 300301452339046236620408750080 0 0 0 0 0
122794886381349193637892718592 15827495380586831901590814720 19807040628566084398385987584 0 0 0 0 0
98122523791714883873626128384 0 0 0 0 0 0 0
83325876892454467198473207808 0 0 0 0 0 0 0
83267472934142153808299425792 204557743496819401223896563712 67789725976540433468901818368 0 0 0 0 0
83421650159952589913883410432 174305598531497098704177856512 0 0 0 0 0 0
83421650174009274328953126912 249510455918083070794997432320 0 0 0 0 0 0
83267245312567654865883365376 0 0 0 0 0 0 0
83421669066712115263148392448 244767735035642576943882174464 0 0 0 0 0 0
83267455449278084781189365760 174091231390219193025401192448 0 0 0 0 0 0
83319928022097970255982755840 0 0 0 0 0 0 0
83345219708738571520146669568 204533948002712367618794192896 0 0 0 0 0 0
83238226126323857001786900480 0 0 0 0 0 0 0
83266735286004650420113244160 0 0 0 0 0 0 0
98093510235867839303100923904 199256299135370302521230753792 262675402085866627080157921280 0 0 0 0 0
98276930645500177761316110336 16947431436570812612733829120 0 0 0 0 0 0
83325876892454467198473207808 0 0 0 0 0 0 0
122794890740515126404198694912 15636488096468879600890413056 63302123586847454496315932672 250145080818518646278322126848 0 0 0 0
83266904118130802087358889984 303357060252040283146525081600 163652360582387750826948952064 258468714061718655669341519872 0 0 0 0
83325876966241443493311414272 175229589411735427170357477376 183459748397266332113533140992 0 0 0 0 0
83267848453112964998087311360 242636247699934533880228347904 0 0 0 0 0 0
83266735286053064116107476992 0 0 0 0 0 0 0
98093717351023893318249480192 174092812762884586611253706752 0 0 0 0 0 0
83267472934142153808299425792 204632706897811313842597134336 62617298929925980376979734528 0 0 0 0 0
83267243973161272810739335168 199256299148133503865198739456 24550601092210848579801055232 0 0 0 0 0
83266734854236725621314027520 204322000269662119080662925312 64625303439198278614287122432 258479410699548707486840127488 83266941970809935775456559104 0 0 0
83421650985732353705746890752 303588582217104101737706291200 0 0 0 0 0 0
97038990606214797486416986112 242636247699934533880228347904 0 0 0 0 0 0
83267245301326846117827051520 0 0 0 0 0 0 0
122794890744040231051592728576 0 0 0 0 0 0 0
83325273748463217256075100160 15634067551344004714651975680 281089760170236658669282394112 0 0 0 0 0
83319928022097970255982755840 243937293390374673175818534912 63305098312665153076195229696 0 0 0 0 0
83266735286004650420113244160 175234038688979030404918935552 0 0 0 0 0 0
83266734854236672844755894272 303588572762043889471646072832 63319722759418305024620494848 268443655626313774726744375296 0 0 0 0
83266734854236725621314027520 204322000269662119080662925312 64625303439198278614287122432 100044888340875530557137616896 83266941970809935775456559104 0 0 0
83267246194477170596362846208 0 0 0 0 0 0 0
83266735286048560516480106496 0 0 0 0 0 0 0
82257186467915135008032948224 0 0 0 0 0 0 0
83267471974911444383216697344 174091299311390990486822977536 0 0 0 0 0 0
98093510235837563150918483968 204323217120780757386406133760 281102199341017174754606448640 109929303051048986262894542848 0 0 0 0
83267243315144834855263535104 15866183965157495057659461632 263616328014813676305165320192 258501223035495496724495990784 0 0 0 0
122794890726458406804756889600 259413976179332603391577686016 27483534462605868592235806720 175478000568702653966950858752 0 0 0 0
98094114702573195941143117824 135830701427555228043968512000 0 0 0 0 0 0
83465508700728396473926942720 0 0 0 0 0 0 0
83319928022097970255982755840 174266912905269430570587258880 67110913902543218415562129408 0 0 0 0 0
82256581331427563242707222528 247588007857076054979824844800 0 0 0 0 0 0
83267451848059085247385436160 204321262127805192011755028480 163199896574980677663545360384 247588007857076054979824844800 0 0 0 0
98093510235867839303100923904 175234053560735074319681454080 0 0 0 0 0 0
98122018120984866994931105792 175230258481173089410611150848 42816284190356408581954207744 0 0 0 0 0
83325271754486337055649431552 175230246333545380900459511808 0 0 0 0 0 0
83474842910138658146213691392 41420457638158952466621661184 0 0 0 0 0 0
83267245309088923220902412288 199582187854767865461357936640 62539897131449410732521684992 268443428602234459583292637184 0 0 0 0
83466112287529764182739124224 199989059334683266907958673408 240886689148009067751172734976 0 0 0 0 0
83267244057901003399342587904 175229595578834961742878998528 42811435402675720121206439936 0 0 0 0 0
83319928022097970255982755840 244558695692776086082311684096 185937928991463329243802370048 0 0 0 0 0
83180202648367553861736464384 0 0 0 0 0 0 0
83179692195224472320735182848 70623651088446055508223197184 42732856354247307084678823936 103727413832886523659540234240 0 0 0 0
83267245309109189419225579520 0 0 0 0 0 0 0
98276930645500441644106776576 0 0 0 0 0 0 0
122794890740581484129958232064 204944600631858717078348365824 67110854872385721792693534720 0 0 0 0 0
83267474338731631360794951680 0 0 0 0 0 0 0
83267471974911444383216697344 244558695760941514511028846592 0 0 0 0 0 0
83421649586920167642423623680 228562171858173140968776138752 62536270081324006482873679872 0 0 0 0 0
83466112287529764182739124224 303571191206684114698155065344 67093082473004374313393979392 98202253253115942490557382656 0 0 0 0
83421650174075614462526619648 199256299104296168779816108032 0 0 0 0 0 0
83266736178942320553744138240 175234053492794790687960727552 64604995800205783096298045440 0 0 0 0 0
83267245309109066273923268608 0 0 0 0 0 0 0
83266903306444789446560710656 16947421981473887653422170112 63232610269891991339182063616 171265132039059151458171617280 123036675890604260821252964352 0 0 0
83267245303920919503192457216 70103431634336374341421236224 62623381486436095349397389312 250454522091109792581700026368 0 0 0 0
83320116916462475188058980352 199989076453482443692163727360 67093044735418951227399995392 0 0 0 0 0
83267243320290320574836637696 0 0 0 0 0 0 0
83267472934142153808299425792 204557743484138320204383911936 62536270178384934741078966272 0 0 0 0 0
83266903306444789446560710656 199369492458083519389694427136 0 0 0 0 0 0
83266904044343825792520683520 15865735635367824877661716480 63464725234999148999274921984 0 0 0 0 0
83267245309109189419225579520 0 0 0 0 0 0 0
98276930645500441644106776576 174263181235717403475017990144 0 0 0 0 0 0
83170529915374445778161369088 0 0 0 0 0 0 0
83325876966241214794892836864 174093658666098778265482166272 302301967155203963314216370176 100012304729703947483964506112 83141741095529105845603270656 0 0 0
83180205006416219587165028352 174305598477308908378353827840 67110913916738564441033932800 0 0 0 0 0
83266734854236672844755894272 16155197791823734262303031296 24547015821030621172776042496 20785378942372667743201656832 0 0 0 0
83267245309109066273923268608 0 0 0 0 0 0 0
83325517317543446277200543744 204208059311039491750341115904 0 0 0 0 0 0
83267245313735388991139610624 16156331149475492582846889984 0 0 0 0 0 0
122794888365238872690124652544 199256299135375861652020789248 0 0 0 0 0 0
96961446538831068990525145088 175230275599657330880249069568 263616320986137076497974820864 12809037500294297168763682816 0 0 0 0
83267131964531257246341922816 0 0 0 0 0 0 0
83421650174075614462526619648 204940807276394507498038493184 0 0 0 0 0 0
98276930645433872812114706432 218678011756842398251663491072 0 0 0 0 0 0
122794890740526526140755476480 229699788512059022118389547008 0 0 0 0 0 0
83267245301326846117827051520 0 0 0 0 0 0 0
83267245309109189419225579520 0 0 0 0 0 0 0
122794890740526526140755476480 175230426783281613641086926848 0 0 0 0 0 0
96938381621315191705664749568 0 0 0 0 0 0 0
83267244869770361803095670784 0 0 0 0 0 0 0
83180202650096936118646734848 0 0 0 0 0 0 0
98093510235867839303100923904 199256299135370302521230753792 64623511018593494257769644032 0 0 0 0 0
83465507151323667394124054528 0 0 0 0 0 0 0
103228691614298701986923544576 229180691153173375358485921792 0 0 0 0 0 0
83466112287529764182739124224 248889058564953880393259417600 284973853934121352540834496512 79228162514264337593543950336 0 0 0 0
83266904856000565035740954624 0 0 0 0 0 0 0
83267245309078790121740828672 0 0 0 0 0 0 0
83325876966185201274527416320 199603563113958155629501612032 62536270409330807862219243520 0 0 0 0 0
98093510235867839303100923904 199256299135370302521230753792 62536270204629661569580531712 0 0 0 0 0
122794890740526526140755476480 174286240894117713977614008320 67110913908365545901008093184 0 0 0 0 0
83267243316860706313291694080 0 0 0 0 0 0 0
83267246194552904957284057088 0 0 0 0 0 0 0
83267245309109189419225579520 16157218021285793005624623104 0 0 0 0 0 0
98276930628458855838508908544 16947431436570812612733829120 0 0 0 0 0 0
96884075286375908645204393984 0 0 0 0 0 0 0
83267245299885518315208048640 0 0 0 0 0 0 0
82257186467915135008032948224 174259403342531107758847033344 0 0 0 0 0 0
83267245309109189419225579520 16156331179379600816773005312 0 0 0 0 0 0
83266734854236725621314027520 175230246333545380900459511808 0 0 0 0 0 0
122794890723553321162312253440 249121172303828777627889434624 64617157439557302446739947520 253851769874985594686728568832 0 0 0 0
122795098524706677617789501440 70836508771408881573309710336 0 0 0 0 0 0
98122185768417603846649413632 199374547192061213068828344320 63301853365105213539614720000 271158752955211035235145744384 0 0 0 0
83266735286035049717597995008 0 0 0 0 0 0 0
83266734854236813582244249600 174259403342531107758847033344 0 0 0 0 0 0
122799726443803911534105591808 244554976306829689917905305600 67110857511209124855466164224 0 0 0 0 0
83267472934142136216113381376 204555330830574539636593393664 0 0 0 0 0 0
83266922195910720925141565440 15651377955229428011942019072 0 0 0 0 0 0
83325876966253828392286683136 174267729464936217302064431104 0 0 0 0 0 0
83465507887417886189415301120 199374547192101851018590945280 63301853365105213539614720000 271147554229725948336498802688 0 0 0 0
83266735286047311471270952960 0 0 0 0 0 0 0
122794890740526526140755476480 229180705932921758495371427840 0 0 0 0 0 0
98122523791714883873626128384 0 0 0 0 0 0 0
83267246194522470475427217408 175229589382025848931664003072 0 0 0 0 0 0
83320436051207878538950606848 204556305184494271703665344512 59421121885698253195157962752 0 0 0 0 0
98093510232697428310734405632 242636247699934533880228347904 0 0 0 0 0 0
83267243316831556061016096768 0 0 0 0 0 0 0
83267245318312435995245543424 199584227908086121336697520128 300289992418512337540753653760 0 0 0 0 0
83267451848059138023943569408 70103429279895373392493150208 67114238448891684017286414336 0 0 0 0 0
98040921968803733512996782080 16154366643766827021238272000 67110856058165489280835649536 0 0 0 0 0
83180202653555700632467275776 0 0 0 0 0 0 0
83267245309109048681737224192 0 0 0 0 0 0 0
122794890726458406804756889600 174090400246916541077491023872 185938362726032081562793672704 0 0 0 0 0
122794890723539810363430141952 174305598477309787987656048640 62545954533876376673267482624 0 0 0 0 0
83267471974911444383216697344 175234038688979030404918935552 0 0 0 0 0 0
83465509135743645302478864384 0 0 0 0 0 0 0
83266941970849641339358806016 174286255650269803526240600064 183462732785634551184616325120 247588007857076054979824844800 0 0 0 0
83267245309109189419225579520 199256299149285721682363809792 0 0 0 0 0 0
83267246489700810136636882944 0 0 0 0 0 0 0
122794890740526526140755476480 175234053560749464727865786368 63212313256009730287036530688 0 0 0 0 0
83267245309108257033365225472 0 0 0 0 0 0 0
83267245303344546711819255808 0 0 0 0 0 0 0
83421650985732353705746890752 303588582217104101737706291200 0 0 0 0 0 0
83267245309109101458295357440 0 0 0 0 0 0 0
83466112287529764182739124224 199989059334683266907958673408 163672888802765440700697804800 271147554229725948336498802688 0 0 0 0
98093510235867839303100923904 199256299135370302521230753792 62613592743845585188263297024 0 0 0 0 0
83266735305317088376882462720 0 0 0 0 0 0 0
83325479540298304525791395840 174266912905003155242618978304 0 0 0 0 0 0
98093510309654815597939130368 199371456993615371328448102400 184313434921356171290290946048 0 0 0 0 0
83319928022097970255982755840 243821241498050682367477022720 181378513976911125286674759680 0 0 0 0 0
83421650174075614462526619648 242636247699934533880228347904 0 0 0 0 0 0
83267471982624632801274626048 0 0 0 0 0 0 0
83266735286047434616573263872 243937290432031994812689285120 300307811181119742083747282944 20866255093404840210024366080 0 0 0 0
83267245312249324259409657856 199992836932941454217215737856 263616327890351634053200871424 170909843724065373799273463808 0 0 0 0
83421650174009309513325215744 174090392616800255108643291136 0 0 0 0 0 0
122794890740581695236190765056 0 0 0 0 0 0 0
83466112287529764182739124224 242636247699934533880228347904 0 0 0 0 0 0
83325876892454467198473207808 75075363091508408793740345344 237684487542793012780631851008 0 0 0 0 0
83266735286047311471270952960 16159421414759610435776806912 0 0 0 0 0 0
83238233445469702517631746048 0 0 0 0 0 0 0
83325274633818672796748742656 0 0 0 0 0 0 0
83421650174075878345317285888 0 0 0 0 0 0 0
83267243316831608837574230016 0 0 0 0 0 0 0
98276930645500177761316110336 0 0 0 0 0 0 0
83266941970849641339358806016 174286255650269803526240600064 183462732785150062380953108480 0 0 0 0 0
83180805867887687992346673152 175230502341366015937151500288 59421121885698253195157962752 0 0 0 0 0
98093510232709813209709674496 243255217719577224017677910016 0 0 0 0 0 0
122793774769634850286356922368 174264485571859069287499038720 0 0 0 0 0 0
83238231094019689855603179520 303353338064259669550671331328 0 0 0 0 0 0
83267472934142153808299425792 204557743779286225383736737792 300307799227791782275287351296 109927624777558230856032583680 0 0 0 0
83421650157033993472556662784 175234053505620901689223544832 67110913898291820367324381184 0 0 0 0 0
83267245309078754937368739840 199369416901319129181286563840 63230828784105290709103280128 252897927216536333337204097024 51080803102774111562952081408 16383362707417454575618097152 0 0
98094114776360172235981324288 204940834262001157164557664256 226410155601533767907941548032 0 0 0 0 0
98276930628458855838508908544 218677994364052066253213270016 0 0 0 0 0 0
83466112287529764182739124224 174259403342531107758847033344 0 0 0 0 0 0
83466112287529764182739124224 15636488096468879600890413056 63302155283436718627510812672 271108868603498280202908205056 0 0 0 0
83266735286035102494156128256 0 0 0 0 0 0 0
122794890740581695236190765056 0 0 0 0 0 0 0
83267451848059138023943569408 174090392288182301186114715648 25862295333964583086757773312 189156028722809005160188084224 0 0 0 0
83267245309108890352062824448 0 0 0 0 0 0 0
83325271754486337055649431552 229699617506835078735311405056 0 0 0 0 0 0
96961446538831068990525145088 175230351157521056794572488704 67110913898099177134045003776 98202448703517530845568040960 51094040840192687439781822464 0 0 0
83466112287529764182739124224 218677997352384038613142208512 67789725704778085081181847552 0 0 0 0 0
83266903309932704212656848896 15807710708090746772723335168 185953088098804779381480751104 237684487542793012780631851008 0 0 0 0
83267455449278084781189365760 174091231359206209722676936704 280504093459622785987291119616 0 0 0 0 0
122794890740526526140755476480 254462216075224627078966018048 67096048842286003816167899136 0 0 0 0 0
83267131964531257246341922816 244558695692828968193561198592 47303873228709862069638266880 0 0 0 0 0
83267245309078790121740828672 199256299172264846199812521984 62534501559905860188630941696 258501297629291664806126813184 0 0 0 0
83267848453112964998087311360 0 0 0 0 0 0 0
83325517317543446277200543744 15634013509417257711572090880 240876790756930202901332099072 0 0 0 0 0
122794890740515267141687050240 175234053560738698310006603776 0 0 0 0 0 0
83466112287529500299948457984 174090412325066514448756244480 67789725976378303882316480512 271147554229725948336498802688 0 0 0 0
83319928022134034237373808640 200201830254678491099736047616 62613592743845585188263297024 0 0 0 0 0
83266735286035049717597995008 204550248678795256360284979200 0 0 0 0 0 0
98093510309654815597939130368 199371456993615687987796901888 300301464009797526659367174144 0 0 0 0 0
98122524455826820779445583872 204321180600235195773768171520 0 0 0 0 0 0
83421650174009309513325215744 204940807276394507498038493184 0 0 0 0 0 0
83465509134302616567022616576 204538400671024486137588613120 63212313256009730287036530688 0 0 0 0 0
83266734854236725621314027520 199374547229220167303657684992 0 0 0 0 0 0
83466112287529764182739124224 199989059334683266907958673408 163672888801704491144731164672 12808806420855212682908794880 0 0 0 0
83267243316831432915713785856 0 0 0 0 0 0 0
83321041189176008681774383104 0 0 0 0 0 0 0
83238231089431682919591575552 0 0 0 0 0 0 0
83266734854236725621314027520 204321849153934667252016087040 64625306980973140766521032704 258483037477007551374364246016 83184698323601458457804275712 0 0 0
83421650174009450250813571072 75074090088878312040356118528 300296360164647212700626059264 0 0 0 0 0
98122224359006082901729083392 175230266233156957217964949504 240886747143530872527057321984 0 0 0 0 0
98276930645500441644106776576 242636247699934533880228347904 0 0 0 0 0 0
83466112287529764182739124224 174259403342531107758847033344 0 0 0 0 0 0
96961446538831068990525145088 175230275599657225327132803072 263616320986139363482160594944 0 0 0 0 0
98093510235867839303100923904 199256299135370302521230753792 0 0 0 0 0 0
98122526675180714832093511680 0 0 0 0 0 0 0
83137284464594585047219044352 249510455918083070794997432320 0 0 0 0 0 0
83267245309109066273923268608 0 0 0 0 0 0 0
83267451101022016559072149504 175234038766711898845147561984 62546010008509873325260931072 100012346529951410048794099712 97996685024554788387333079040 0 0 0
83266735286047575354061619200 218678842883015925676218777600 281089760170236658669282394112 0 0 0 0 0
83267245301326846117827051520 0 0 0 0 0 0 0
83267245309078790121740828672 0 0 0 0 0 0 0
83267848453112964998087311360 0 0 0 0 0 0 0
98093510235867839303100923904 199256299135370302521230753792 262687570633987452894120509440 0 0 0 0 0
83465507815353659897348620288 253318574839186560932363894784 183462398678943739624292352000 100094417021552707899062484992 0 0 0 0
83267243316831556061016096768 12111716963126673510508789760 62534501559887845790121459712 0 0 0 0 0
83266903306444789446560710656 204555322938985838780195274752 67093058861193369655583965184 109927819634058032925697376256 0 0 0 0
83325271756172935116099682304 15634067551460234088824176640 262695699099748905724489498624 237684487542793012780631851008 0 0 0 0
83267471974911444383216697344 0 0 0 0 0 0 0
83345219708738571520146669568 15656676440213545199599616000 281089760170236658669282394112 0 0 0 0 0
83266735284305544315385413632 199256299148277794975135039488 240886746912040327733795880960 0 0 0 0 0
83421650174020709249881997312 175230266108455027917098844160 0 0 0 0 0 0
83466112287529764182739124224 174286255650216921414991085568 67786888557431487084124700672 0 0 0 0 0
83466112287529764182739124224 204940819491824788007555170304 62536349186150670951417643008 271147554229725948336498802688 0 0 0 0
96884076529824269361825710080 0 0 0 0 0 0 0
83465507151323667394124054528 199256299128587177794969010176 0 0 0 0 0 0
83466112287529764182739124224 174266898443022076782298791936 0 0 0 0 0 0
83325876892454467198473207808 175230246333545380900459511808 0 0 0 0 0 0
83266734854236725621314027520 199992839522308402050158821376 0 0 0 0 0 0
83267245309109189419225579520 16151248950051445774074511360 0 0 0 0 0 0
83266734854236725621314027520 199601615728069015841697431552 0 0 0 0 0 0
122799726443803823573175369728 174266898365328720391925923840 0 0 0 0 0 0
83266978864308568137442263040 15827503356363044626657968128 183465755099858519343824371712 171226398816043390316111200256 64567806364389502034858999808 158456325028528675187087900672 0 0
97039010307281401911294558208 174266895447640915474372362240 0 0 0 0 0 0
83325271754486337055649431552 0 0 0 0 0 0 0
83266941970849641339358806016 15827503325288521658127089664 44810425997337020651488149504 0 0 0 0 0
83267245301340356916709163008 0 0 0 0 0 0 0
98122015759758700626160123904 199370096932441934353894735872 67110857193850900077084672000 12770073458204207419460943872 49997363560700268315945205760 175234053573443915808772194304 0 0
83267245312567953933046120448 0 0 0 0 0 0 0
83267245309109189419225579520 74276402357122816493947453440 0 0 0 0 0 0
83267451848059138023943569408 203800961210401196352053706752 62534501560265031055006760960 174278746155644941825642332160 0 0 0 0
83267245301326846117827051520 0 0 0 0 0 0 0
97038991417805196596063764480 145523477826834409129819242496 0 0 0 0 0 0
83267245312603894769134862336 199256299149286917951014830080 184310492016172026247667253248 0 0 0 0 0
83267245309109066273923268608 74276402357122816493947453440 0 0 0 0 0 0
83421650157033993472556662784 199369501902762441933456408576 0 0 0 0 0 0
83266735286070990553686736896 204944599722908955866438828032 0 0 0 0 0 0
122799727255460650777325862912 228748107884201673921203798016 0 0 0 0 0 0
83267472934142153808299425792 204557743484138320204383911936 280411948473809356230450216960 0 0 0 0 0
82941982632120478418241323008 0 0 0 0 0 0 0
122799726443803770796617236480 248206977876718745117274406912 0 0 0 0 0 0
98093717351023893318249480192 174286255718383264637382557696 0 0 0 0 0 0
83267243316831556061016096768 0 0 0 0 0 0 0
97038991417805284556993986560 175080134216639597954077818880 0 0 0 0 0 0
98122015764923344236335595520 174262530493832039787537629184 67110913903973339995670839296 30759167887768202142361321472 122750747148787112398506950656 0 0 0
83319927590299681344070877184 0 0 0 0 0 0 0
83266735286047311471270952960 204321175331267424264491368448 183003309098945084195197681664 0 0 0 0 0
83238231089438403134660542464 0 0 0 0 0 0 0
122799726443803823573175369728 174266898328435232244506820608 0 0 0 0 0 0
83266941970849641339358806016 15827050009140156744071118848 23695901472974322066650038272 0 0 0 0 0
83267245309102434019784523776 0 0 0 0 0 0 0
83421650174075878345317285888 70623651088446618458176618496 163672888802766144388139581440 91681681209801036205729513472 0 0 0 0
83267243980943616112137863168 0 0 0 0 0 0 0
83267245309109189419225579520 14855280471424563298789490688 0 0 0 0 0 0
83325271754486337055649431552 244558695692920060532899184640 42806599621683225599439536128 268385158731906520672295190528 0 0 0 0
83266735286048560516480106496 174266912905268375039424593920 0 0 0 0 0 0
83267451848059138023943569408 175234038779088248017998839808 185938650791291704605090512896 0 0 0 0 0
83320436051207878538950606848 175230351225638564108504662016 0 0 0 0 0 0
83112497841083935567617458176 0 0 0 0 0 0 0
83421650177246412482986115072 0 0 0 0 0 0 0
83180202207375078349617496064 0 0 0 0 0 0 0
83267471974911444383216697344 15633625389922705525629255680 164588982770124387527639957504 0 0 0 0 0
83266736171514706091745214464 242636247699934533880228347904 0 0 0 0 0 0
83266735305317211522184773632 0 0 0 0 0 0 0
83267245307379684017012998144 74276402357122816493947453440 0 0 0 0 0 0
83267472934142153808299425792 204632702179025298229827731456 0 0 0 0 0 0
83266734854236725621314027520 16156326752084255224629297152 62534501559689687406517157888 253240053701950295939812950016 0 0 0 0
83466112287529764182739124224 174286238267802882958002487296 67786888557431487084124700672 0 0 0 0 0
87135470291932019170014658560 15633625389971959248507109376 63319722758353212508840394752 0 0 0 0 0
98276930645433872812114706432 244171825036418394180508712960 63310061519838649073314824192 0 0 0 0 0
122793773883860032214756491264 16156323210268385686725853184 62534501559905860188630941696 20785251750191498905834749952 0 0 0 0
83266904044343702647218372608 199371456976294843820929974272 64625305758874525092007641088 100012304729700587376430022656 0 0 0 0
83421650174009309513325215744 204940807276394507498038493184 0 0 0 0 0 0
83267245309109189419225579520 75076952500133068280560615424 263616342181914426735868248064 0 0 0 0 0
83267245309109189419225579520 16156334643605591202616836096 0 0 0 0 0 0
83466112287529764182739124224 174266898442755801454330511360 63310061667412601662991237120 0 0 0 0 0
98093510235867839303100923904 199256299135370302521230753792 0 0 0 0 0 0
83266735286041506049876295680 0 0 0 0 0 0 0
98093717351023893318249480192 175230269401474972026406961152 0 0 0 0 0 0
83266735286034926572295684096 0 0 0 0 0 0 0
83267245309109189419225579520 16156331101830729050382925824 0 0 0 0 0 0
83266904044343825792520683520 15634067520331001620718419968 0 0 0 0 0 0
83421669063541809823898140672 229704231668402071289158696960 0 0 0 0 0 0
83267245309109189419225579520 0 0 0 0 0 0 0
83267245309109189419225579520 204555311055664892619954061312 0 0 0 0 0 0
87135470291931755287223992320 0 0 0 0 0 0 0
98093510235837563150918483968 303588572793047056334557544448 300307812361715514557065068544 0 0 0 0 0
83267246112983708506349633536 199992836932941454217215737856 263616327890351634053200871424 170909843724065373799273463808 0 0 0 0
83267467019585785844950106112 0 0 0 0 0 0 0
98093510309654815597939130368 199371456993534165797667078144 281167131422691994936463589376 0 0 0 0 0
122794886381060963261741006848 199369492458003123099471446016 67110913897355071644831318016 0 0 0 0 0
83266735286028294318156939264 199256299149287480900968251392 164598633193872460486425968640 171226450044517862103127687168 0 0 0 0
83319928022097970255982755840 243937298407889377884165373952 0 0 0 0 0 0
83465507807578124771949281280 253318574839186772038596427776 102150430442707012314583793664 250145396742315945910501113856 51080294283897201229505232896 258795656899268378401232125952 0 0
83267245309109189419225579520 0 0 0 0 0 0 0
83267245312279600411592097792 174091231359179856627982401536 63319722759418305024620494848 0 0 0 0 0
83319928022134051829559853056 199369505149533654831901704192 23009242205589605701587566592 0 0 0 0 0
83267243320290320574836637696 0 0 0 0 0 0 0
83421650174075614462526619648 199256299128587177794969010176 0 0 0 0 0 0
83266735286035049717597995008 0 0 0 0 0 0 0
83266941970849641339358806016 15827050009140156744071118848 23699528250433165954174156800 100006286974535321485448314880 0 0 0 0
83266735286048560516480106496 199601598314344369478485147648 185953098604064033091182657536 171265362526270522082667266048 0 0 0 0
97039009498863648001641938944 175230258548929956910632796160 237684487542793012780631851008 0 0 0 0 0
83267243316831432915713785856 0 0 0 0 0 0 0
83421650174075614462526619648 0 0 0 0 0 0 0
83267471980984196637004922880 0 0 0 0 0 0 0
83319928022134034237373808640 242636247699934533880228347904 0 0 0 0 0 0
83180202650077795820230410240 15803078314002432571759132672 0 0 0 0 0 0
83267245313645141076731756544 0 0 0 0 0 0 0
122794890740526526140755476480 254462216075013802321409736704 67096104576298638730472718336 0 0 0 0 0
83465507149548123241033236480 204326295170711646305670660096 0 0 0 0 0 0
83267243315144834855263535104 0 0 0 0 0 0 0
83238231080227152113990369280 0 0 0 0 0 0 0
83266905298703282506353868800 204322082011913396715215912960 64620759369251887843591061504 24499199372590878897945444352 51080293832816785697378664448 0 0 0
83267245309078754937368739840 0 0 0 0 0 0 0
83267455449278084781189365760 203800953522721799902249091072 281089760170236658669282394112 0 0 0 0 0
83267245309078790121740828672 0 0 0 0 0 0 0
82256583323675747281478352896 0 0 0 0 0 0 0
83320436051207878538950606848 175234038766406111467323523072 0 0 0 0 0 0
98093510235867962448403234816 175229600312613038302699716608 297105609428491265975789813760 0 0 0 0 0
83180805867887687992346673152 175234039689009590480769384448 59421121885698253195157962752 0 0 0 0 0
83325876892454467198473207808 0 0 0 0 0 0 0
83325517317547949876827914240 174266912837103087348195786752 185953098724126445535299108864 0 0 0 0 0
83465507151323667394124054528 204535983070576974164293320704 263616365711315205304518443008 177430415767380280084101332992 0 0 0 0
83465507151323667394124054528 175229586212383423989054177280 67110844327408264195071803392 0 0 0 0 0
83325271754486337055649431552 0 0 0 0 0 0 0
83319928022097970255982755840 249510455849971509639948271616 67789725976538603881553199104 0 0 0 0 0
96753909236794389440002785280 204940912168487690706083643392 0 0 0 0 0 0
83266735286070990553686736896 204944599631828157002497916928 0 0 0 0 0 0
98276930628458855838508908544 243940376427843815102442635264 0 0 0 0 0 0
98122524529613797074283790336 75075446587353998622749360128 63236238254912675728997744640 253254394289337273750319529984 0 0 0 0
98122185762378153601043267584 199601606215449528191238012928 0 0 0 0 0 0
83474861782556389157243977728 174267744054186276850851905536 300307809999646893582999093248 0 0 0 0 0
98122523791455803749750013952 16947422059742402974331174912 67110844474820632555930255360 98202253253115942490557382656 0 0 0 0
83267243320290197429534326784 0 0 0 0 0 0 0
83266960934102549112777867264 15846846148877519550976884736 62613654444804522726467305472 0 0 0 0 0
82257186467915135008032948224 0 0 0 0 0 0 0
98276930628458855838508908544 218678011756842398251663491072 0 0 0 0 0 0
83267246112983708506349633536 199992836932941454217215737856 263616346779961680719857582080 250467859185012965727851773952 0 0 0 0
83185641497379170214207291392 16156550179003334445328498688 67110913902887743787055972352 0 0 0 0 0
83266735286034926572295684096 15653398185961396297065824256 0 0 0 0 0 0
98093510235867839303100923904 199256299135370302521230753792 183467561404877952168253980672 0 0 0 0 0
122794886381320043385617121280 204322017706442662261221752832 302304712251756901050747977728 0 0 0 0 0
83474842913309245060440653824 199256299184905887403888082944 185937988021044365114367541248 0 0 0 0 0
83266734854236743213500071936 303358412317730248007847247872 62613655625396143443878608896 20816811012529726597137170432 98044663397624680699597422592 0 0 0
83421650174075614462526619648 14855280471424563298789490688 0 0 0 0 0 0
97992564936019148346008535040 249510455918083070794997432320 0 0 0 0 0 0
83466112287529500299948457984 175230266233156957217964949504 240886677342093529080129388544 0 0 0 0 0
96884075286375996606134616064 174261821194170337017196445696 0 0 0 0 0 0
103228690802641962743703273472 0 0 0 0 0 0 0
83320436051207878538950606848 199369501970663670912158531584 0 0 0 0 0 0
83465507815360344928045498368 218675579727727426842916814848 163672888654308782584056774656 20866254507299985546354360320 0 0 0 0
83344918773632259780614553600 0 0 0 0 0 0 0
96884075286375996606134616064 174259403342531107758847033344 0 0 0 0 0 0
83466112287529764182739124224 0 0 0 0 0 0 0
83325271754486337055649431552 175230269727702218234243579904 65553779622680432337747968000 262183686419411748992449511424 97797263103545041717030813696 0 0 0
83267245309078842898298961920 0 0 0 0 0 0 0
83267451848059138023943569408 174090392616801627299154755584 63397094012071799675405991936 0 0 0 0 0
98276930645433872812114706432 16947431436267171481607208960 0 0 0 0 0 0
83421650174075878345317285888 174305598531497098704177856512 0 0 0 0 0 0
83267245309078790121740828672 0 0 0 0 0 0 0
83266735286047311471270952960 204321175331267424264491368448 67789688238226298056483012608 0 0 0 0 0
83421650174075878345317285888 0 0 0 0 0 0 0
83466112287529764182739124224 15634087296272432547886006272 0 0 0 0 0 0
83180202650090180719205679104 0 0 0 0 0 0 0
83319928022097970255982755840 15633626570563107175918469120 0 0 0 0 0 0
83325272418555736055613489152 15634067551378993373671063552 67789725704991372744784347136 250493293959558182945702281216 0 0 0 0
83267245309109189419225579520 0 0 0 0 0 0 0
83267243316831432915713785856 0 0 0 0 0 0 0
83320436051207878538950606848 16157543910966082754408611840 164588951884235234746942095360 0 0 0 0 0
98276930645433872812114706432 218677994364052066253213270016 0 0 0 0 0 0
83267245307393018894034665472 0 0 0 0 0 0 0
83266961967102202842003275776 303358412317730248007847247872 163652669763635645777667162112 258481828551187936745189539840 75897142390082832895632736256 0 0 0
83267245289722019856139681792 0 0 0 0 0 0 0
83325876892454467198473207808 0 0 0 0 0 0 0
83266905298703282506353868800 75072499830641666366371790848 163652669842034941409630355456 100026712448478876187276345344 51080690945688379063867015168 0 0 0
83465507151323667394124054528 199374547192366367127954784256 0 0 0 0 0 0
83267471974911444383216697344 175234038766406005914207256576 0 0 0 0 0 0
83266735286035102494156128256 0 0 0 0 0 0 0
83266735286035190455086350336 174259403342531107758847033344 0 0 0 0 0 0
90694993918502478622859722752 0 0 0 0 0 0 0
83267245301340356916709163008 0 0 0 0 0 0 0
83267245309122700218107691008 0 0 0 0 0 0 0
98276930628458855838508908544 204944597053229878828551110656 0 0 0 0 0 0
83267247665140453617824694272 0 0 0 0 0 0 0
86980555625221720129325236224 203801180196612783679788285952 0 0 0 0 0 0
83267131972306897924857528320 0 0 0 0 0 0 0
83319928022097970255982755840 15653407630694362036356251648 0 0 0 0 0 0
83421650174009309513325215744 175230266108455027917098844160 0 0 0 0 0 0
83266734854236725621314027520 15866183965157495057659461632 263616328014813711489537409024 253858900938915661717786591232 0 0 0 0
83267472934142153808299425792 204534703580170352162727002112 67110854951689414117014110208 0 0 0 0 0
122794890740581695236190765056 75076952795014900442084671488 39614081257132168796771975168 0 0 0 0 0
83267451100985952577681096704 95384485724834477649443160064 0 0 0 0 0 0
83465509124138819040791494656 0 0 0 0 0 0 0
83266734854236725621314027520 70933136098266925587924779008 122026637212017944809353248768 252930251053953101302851436544 0 0 0 0
98093509568607886257749491712 175234038780362977818777223168 281264831592459106949508628480 0 0 0 0 0
83266867518061283143814479872 0 0 0 0 0 0 0
83320436051207878538950606848 16465808515233605125176033280 0 0 0 0 0 0
98093510309654815597939130368 199371456993615687987796901888 263616340921712429114824065024 0 0 0 0 0
122793773883866611692337102848 175229586134100834919309639680 67093058713418575873931476992 252849253024038921148146122752 0 0 0 0
98276949534899857067253694464 303588569546375380024751554560 63397094010809375608765677568 253468223043681611285595684864 0 0 0 0
98093509577817888233210511360 204940912168487690706083643392 0 0 0 0 0 0
83267245309109189419225579520 16156331179379394108586983424 0 0 0 0 0 0
96754231892886502955236196352 174286255718383264637382557696 0 0 0 0 0 0
83267243316860706313291694080 0 0 0 0 0 0 0
98276930645512826543082045440 0 0 0 0 0 0 0
83465981378444805350558269440 0 0 0 0 0 0 0
83266905298722422804770193408 0 0 0 0 0 0 0
83266735286035049717597995008 0 0 0 0 0 0 0
98040921968803733512996782080 244148029259844501231194079232 67093044427480823106314960896 0 0 0 0 0
83266735286004650420113244160 0 0 0 0 0 0 0
83266735286004650420113244160 204321180667024457856974848000 185953098604262191474786959360 0 0 0 0 0
83421650174009503027371704320 303588572805806422581967847424 63289684508465066554217725952 0 0 0 0 0
83267131952926430984654553088 0 0 0 0 0 0 0
98276930645500177761316110336 243939711279051329847802462208 63313560793402455480418172928 0 0 0 0 0
83267471974911444383216697344 175234036124031127517160013824 27496832872594090484471693312 0 0 0 0 0
98093510241901800786661212160 15633625390066257763751690240 23752974503788234024626946048 0 0 0 0 0
83267245309109189419225579520 0 0 0 0 0 0 0
83266904855970165738256203776 174286255718383264637382557696 300289992418511598668939788288 0 0 0 0 0
83267245318312435995245543424 0 0 0 0 0 0 0
98093510235867839303100923904 303588572772212313742806876160 0 0 0 0 0 0
83325517317547949876827914240 174266912905003436717595688960 164592879995368288893217538048 250493525041211349598363189248 0 0 0 0
96961446538831068990525145088 175229595647000425355968249856 164581137858005573054305927168 268443655611541967948969148416 0 0 0 0
83266735286035102494156128256 14855280471424563298789490688 0 0 0 0 0 0
83266735286034926572295684096 14855280471424563298789490688 0 0 0 0 0 0
83466112287529764182739124224 204940827176006083815543930880 185953088098804779381480751104 253240246669650406651964948480 0 0 0 0
96729845592368964107352670208 174820344922832295695910699008 0 0 0 0 0 0
83421650174075878345317285888 199256299128587177794969010176 0 0 0 0 0 0
86980555625221737721511280640 204307415149513133464106303488 0 0 0 0 0 0
83320436051207878538950606848 95382529158031162415758966784 59421121885698253195157962752 0 0 0 0 0
83267547540582160251586871296 75575492102092711434024648704 0 0 0 0 0 0
83267243316831556061016096768 0 0 0 0 0 0 0
83325517317543446277200543744 15633621878307711206081691648 67789725704778085081181847552 0 0 0 0 0
