1607639443102118270879694795571200 1607631106142084997335452437446656 997107209468535671889640806154240 1362115069144109171091170660450304 0 0 0
1366780330959169026185228508463104 2011950718056204759087343038627840 0 0 0 0 0
1364242190926287574108683292901376 1364242183851808747972085992652800 0 0 0 0 0
2011871489892786604290137726648320 1042262072278638826607077295652864 1082842056028582997958037956722688 0 0 0 0
2011871489969244611480773845843968 0 0 0 0 0 0
2011950718055283574805162167894016 0 0 0 0 0 0
1367508783718883332914355535609856 1367490893797420763787713094615040 2015832838631081637998028077924352 0 0 0 0
1364244955862529241784658878791680 2015814613951410603971349013594112 1364244990603738624487305596895232 0 0 0 0
1367498883645306286556638642962432 2193769389325647418821603487645696 1017389632313903856852250979729408 2193769457917111792127193869451264 0 0 0
1365211171841673810273787915010048 2011861547408761426668633452445696 1243498780787482033143183845621760 816617433981389049379479804182528 0 0 0
1607164071652514665443072501874688 0 0 0 0 0 0
1367508783718887656369997811286016 2011840730724714324512861530882048 0 0 0 0 0
1364250547116105860630979444473856 0 0 0 0 0 0
1364250525256274293731153267392512 998695487842480290594031061172224 0 0 0 0 0
1364250547144444959444591894855680 0 0 0 0 0 0
1364242190926401136876887067328512 0 0 0 0 0 0
1364250514502968214503687729446912 0 0 0 0 0 0
1584821790185373107934866148687872 0 0 0 0 0 0
1364254276552985047995177792176128 2011871489614476252994439445741568 816617440917955116904629917450240 0 0 0 0
1364250547144444959444591894855680 0 0 0 0 0 0
1367508783718887656369997811286016 997117125172537033991450940932096 2193779291638121646076137004072960 0 0 0 0
1607173976495885061914318017134592 1001694112186543065479373047988224 1362962079732889399621736577630208 0 0 0 0
1364254276552985047995177792176128 1365518197427033802724489249685504 0 0 0 0 0
1364254299565779048215264488325120 836899889675651187260417403518976 0 0 0 0 0
1364253918838553847032727088398336 2011151867127234551460906009624576 1362112283652067403966521486082048 1243486010661378778530672300523520 0 0 0
1364250547144444959444591894855680 0 0 0 0 0 0
1367651825960394058607216606314496 2238936940950062955791294901780480 0 0 0 0 0
1364250547144110900438632060944384 837779374568046595074726285017088 0 0 0 0 0
1367498869167286966585328509386752 2011148543517182953194431556091904 816638145450885949390969953583104 0 0 0 0
1364250547144444959444591894855680 0 0 0 0 0 0
1364260429055802818528662509322240 0 0 0 0 0 0
1364254276552985047995177792176128 1365518165103194426292551370670080 0 0 0 0 0
1365201252425504146319760286547968 817576193126909188988372577681408 816617479840463190982671653142528 0 0 0 0
1367498869138196451181088546488320 0 0 0 0 0 0
1366780316452059190809678411988992 2015832897791819024232668161114112 0 0 0 0 0
1364250547144335143671278092681216 0 0 0 0 0 0
1585227774308086056077056586809344 2015832897786174320546113038319616 0 0 0 0 0
1365113700714053144674021471682560 1365211167005973990579785036726272 0 0 0 0 0
1364250561712446920546704917790720 838175547922116047012665841680384 1362824358903518901066154050060288 0 0 0 0
1364250547144444959444591894855680 0 0 0 0 0 0
2011871418416113107275820650463232 2015832898018492615410411131371520 0 0 0 0 0
1607639462388154324067516652978176 0 0 0 0 0 0
1607164072913384498756634711949312 1364244944981698226702253845118976 0 0 0 0 0
1364242190926396813421244791652352 1362828111409262984875112338030592 0 0 0 0 0
1364242190926619615502010064830464 0 0 0 0 0 0
1364250547144442941831958832873472 0 0 0 0 0 0
1364242183851814512579609026887680 2315473808410399678842026613276672 0 0 0 0 0
2011871489893690494749749494677504 1585306991434702227653752633950208 0 0 0 0 0
1365201252425504146319760286547968 1587348689435295178013390883782656 2011944147364551968891615525732352 837858603966950854533752933056512 0 0 0
2011950646577395763216117930131456 2015832837572203940521961609756672 0 0 0 0 0
1364250547144444959444591894855680 0 0 0 0 0 0
1364250525256274293731153267392512 1605582934412889754085315324149760 1364245243269234923944803110486016 0 0 0 0
2011871489892786604290137726648320 1042262691248661928061728565755904 0 0 0 0 0
1364250514502971385037825398276096 2236798386082413779352098372059136 1243495914181693061572871493517312 0 0 0 0
1367508783718887656369997811286016 2011950646578627371613414194413568 816638145449983355968050868256768 0 0 0 0
1366780316452059190809678411988992 0 0 0 0 0 0
1364242190926398254573125550211072 1358921443444661918404465836163072 0 0 0 0 0
1366780316452054867354036136312832 2015817364062199768032364977979392 0 0 0 0 0
1366780316451155300350066643959808 2015832838781171553541132782665728 0 0 0 0 0
1364250547016831248633797671911424 0 0 0 0 0 0
1367508783718883332914355535609856 839434881155319324188342692610048 839434842747832527202849417854976 1367487988516516749906767775793152 0 0 0
1364250561651056156269399530012672 0 0 0 0 0 0
1364245577250398506091421615783936 1362111386756245651219560842395648 1242556067681588080131354287669248 1363053782995792107272139425447936 0 0 0
1589886822092223242017455900459008 0 0 0 0 0 0
1607164060772974057754698681679872 1243498773665085339316928695500800 2011919958887228588850455074832384 0 0 0 0
1607634812859064704578162832441344 997117125173627697734809018171392 836899534156872522708861252009984 1363060281986142515564227135012864 0 0 0
1364253990080972141055006568611840 2234960019736634795349293565739008 0 0 0 0 0
1587348689491984328394909549592576 0 0 0 0 0 0
1364250514499590442725565819518976 1605582934370699168084980062486528 0 0 0 0 0
1367508783718887656369997811286016 2015832838631083943841037291618304 0 0 0 0 0
1607164072861641381629879419666432 2011162089530600030033143962533888 816153801310440660721848671010816 0 0 0 0
1367508784927813475984626985992192 819170670683375214797450532356096 816638145449978456051656289157120 0 0 0 0
1364244943772791430292450683387904 836899534156870216865852038316032 0 0 0 0 0
1607164071704458679142005537243136 1605579508274725483653721202098176 2015832837103765015671172042326016 0 0 0 0
1364250547143946320893849433538560 0 0 0 0 0 0
1364242190926398254573125550211072 0 0 0 0 0 0
1607164071703962634664648441331712 1364250547021661413277348057317376 834778620181900070005637463932928 2015832897790896687028982683533312 0 0 0
1367508783718887656369997811286016 2015814599759629411791789992443904 0 0 0 0 0
1364250546156229532755502926135296 0 0 0 0 0 0
1364250547059443227444066736144384 2016689172644889531420422797524992 1367490894033721249528923237122048 0 0 0 0
1365205275730705610781948546908160 816153801310258787354496940900352 0 0 0 0 0
1366780329750446120755410138824704 1014120480182583521197362564300800 0 0 0 0 0
1587348689510872353174507371888640 0 0 0 0 0 0
1366780316452054867354036136312832 0 0 0 0 0 0
1364260429055802818528662509322240 0 0 0 0 0 0
1367498869167286966585328509386752 2193761052766664808183880491204608 0 0 0 0 0
1364242190926396236960492488228864 816615597501527060935793086300160 1021994827440468257976309482782720 2015814614073101757012977863622656 0 0 0
1364250560315015264394718593679360 0 0 0 0 0 0
1364242190926396813421244791652352 1362822597498599722551446503161856 0 0 0 0 0
1364253931078600052693162986045440 2011864951743535978919181894549504 2011935781308355705117093629263872 0 0 0 0
1607167465079175468126199483465728 2011148543517182953194431556091904 0 0 0 0 0
1364250547016939046794478412103680 836899534156870937441792417595392 998695476493704089295184342286336 0 0 0 0
2011871489892786604290137726648320 2015832841199890189741855481004032 0 0 0 0 0
1364250561651056732730151833436160 0 0 0 0 0 0
1366780316450968527066320334749696 2011950657140566063129088388759552 0 0 0 0 0
1364250514475111613339753244524544 2011152176613164404166650998292480 1605589472287903876297101169131520 0 0 0 0
2011853191289861647737713672060928 1361718618997642890818834407620608 2011148543516253410231342285717504 0 0 0 0
1367508783718887656369997811286016 997117125173627697734809018171392 2193779291319728537520900929486848 0 0 0 0
1362828153954892603705933286080512 0 0 0 0 0 0
1364242190926987109231603497304064 0 0 0 0 0 0
1364244955862529241784658878791680 1242556056853423095840142327283712 1362903668381370424312174875770880 0 0 0 0
2011932419796430459249706338877440 2193779290632096464444633766690816 2193758495377779526669837633847296 0 0 0 0
1362828153912021505787503832989696 836902340908795193464677063458816 0 0 0 0 0
1367498901999905991314249531523072 0 0 0 0 0 0
1364260429055802818528662509322240 997799478704645067653092510531584 0 0 0 0 0
1365201277896488779833041997529088 0 0 0 0 0 0
1610169231695879235897045427421184 1243486010661378778530672300523520 0 0 0 0 0
1366780316414481155518898993364992 2236798386124807279537244438790144 0 0 0 0 0
1364242190926393354656730971111424 0 0 0 0 0 0
1607639440684266631650436446158848 840309486081725061392699863597056 2011935742622729477448960038666240 0 0 0 0
1610169231416775674606177635794944 2015817391867493619168835996221440 0 0 0 0 0
1610169231695874912441403151745024 816153801311345848218153121742848 1367490868367844747264267051335680 0 0 0 0
1364250547143204127675258775797760 0 0 0 0 0 0
2011871489893690494749749494677504 0 0 0 0 0 0
1589887441062243749398721805156352 2011871489662291078324623058665472 0 0 0 0 0
1367651826291658671070259672252416 1605587009811033841068504562794496 649037107316853453566312041152512 0 0 0 0
2011871489892786604290137726648320 0 0 0 0 0 0
1365205275730705610781948546908160 816153801310258787354496940900352 2015832826541826324155497847980032 0 0 0 0
1364250547144447265287601108549632 0 0 0 0 0 0
1367508783718887656369997811286016 2015832838312690835285801217032192 0 0 0 0 0
1364250547016830383942669216776192 0 0 0 0 0 0
1364242190926396236960492488228864 0 0 0 0 0 0
1367508783718883332914355535609856 839434842747832527202849417854976 0 0 0 0 0
1610169231695879235897045427421184 1605577687442305652938065166991360 0 0 0 0 0
1364250547144444959444591894855680 0 0 0 0 0 0
1364242183851814512579609026887680 1243498780739890586354517809299456 0 0 0 0 0
1364250547295230951346102983458816 2011865229975536170316262239371264 0 0 0 0 0
1364244943772791430292450683387904 836920554902500852196095763152896 1361718618997829664102580716830720 1610169850665898878587182876983296 0 0 0
2011871489945636526061315592028160 0 0 0 0 0 0
1364250547144444959444591894855680 0 0 0 0 0 0
1366780316452262104994489217056768 0 0 0 0 0 0
1364245577250398506091421615783936 1362111386756245651219560842395648 1364244955862049626438742430449664 836899534156870216865852038316032 0 0 0
1364255499055388092867202579955712 816153801310754255371101733388288 0 0 0 0 0
1364254260836949104774622369284096 1607639381072595704230204856598528 0 0 0 0 0
1364244969160713257545579800559616 1362188757691375772475148055085056 0 0 0 0 0
1362824478825126800480625645060096 0 0 0 0 0 0
1364242190925900192483135392317440 1605589472282591214003872818266112 0 0 0 0 0
1607164072913384498756634711949312 1362816393481319135585327036497920 0 0 0 0 0
1367508783718887656369997811286016 0 0 0 0 0 0
1347701743090321571971611823702016 997799478704645067653092510531584 0 0 0 0 0
1364244357415912892494118769393664 0 0 0 0 0 0
1366780316452059190809678411988992 0 0 0 0 0 0
1367498894553476817508161990688768 0 0 0 0 0 0
1589886822092227565473098176135168 1014120480182583521197362564300800 0 0 0 0 0
1366780316452059190809678411988992 0 0 0 0 0 0
1610169554479069326008145101717504 1014120480182583521197362564300800 0 0 0 0 0
1365180468283288801074355808239616 0 0 0 0 0 0
1364250525256276311343786329374720 816153801310754831831854036811776 1602310358688481963491832851595264 0 0 0 0
1364250514475332974268637759143936 0 0 0 0 0 0
1427627545225436166790740747223040 2236798386124807279537244438790144 0 0 0 0 0
1589886835390614495418829902970880 1017389632370848955807792365568000 1362986567734291513550299425931264 0 0 0 0
1610169231695879235897045427421184 0 0 0 0 0 0
1364250547144445824135720349990912 0 0 0 0 0 0
1364250547144447841748353411973120 0 0 0 0 0 0
1363775178141020274605418180771840 0 0 0 0 0 0
1364250561651056156269399530012672 0 0 0 0 0 0
1610169541180885310247224179949568 1016655781383039980000355970711552 0 0 0 0 0
1587348689491982022551900335898624 0 0 0 0 0 0
1365205275730705610781948546908160 2015814599759629411791789992443904 2190500237194380405786303138889728 0 0 0 0
1366780316452054867354036136312832 0 0 0 0 0 0
1365528079708179993426536114946048 1000030637328610676020358103957504 0 0 0 0 0
1366780316452054867354036136312832 1610169541180889057242114152202240 2012029946218719023424936582578176 0 0 0 0
1364250547144444382983839591432192 0 0 0 0 0 0
1364250547201111339626394575437824 2011151867128154582821582273511424 0 0 0 0 0
1606302465536876046421297001922560 816617441107980792215435042881536 839456545110428560543696837148672 0 0 0 0
1364242190926287574108683292901376 1242563826703208036552729130172416 0 0 0 0 0
1367508783718887656369997811286016 2015832898018497515326805710471168 0 0 0 0 0
1607164071703962634664648441331712 1364250547144442941831958832873472 1585922866758908530110138104676352 1042277237044120072515444809924608 0 0 0
1364253918810441009064393731735552 0 0 0 0 0 0
1364253918838553847032727088398336 2011158436152442493222098531516416 1605579497535582468649598475829248 1605577687442305652938065166991360 0 0 0
1367508783718887656369997811286016 2193779290429193520618498615672832 0 0 0 0 0
1364250547016939046794478412103680 1243498780919117134162046750818304 0 0 0 0 0
1364242183851813647888480571752448 1364248690149383434682525932322816 816617441155314272817445297192960 0 0 0 0
1364705099308203215048794544537600 0 0 0 0 0 0
1364244976413770113143364690903040 816619885683104566407558818955264 1243498794160136275305610606542848 0 0 0 0
1607164071703962634664648441331712 1364250547143965344098675446513664 997098924564017441831971201220608 2015832898018511062154484840923136 0 0 0
1364244969160711239932946738577408 834768705629210445859866995064832 0 0 0 0 0
1607164071704458679142005537243136 1605579508274725483653721202098176 0 0 0 0 0
1364250547143946320893849433538560 0 0 0 0 0 0
1364250525256276311343786329374720 998695487842480290594031061172224 0 0 0 0 0
1364250514502968214503687729446912 0 0 0 0 0 0
1364254299565779048215264488325120 816617408594117758085325100417024 2011152246499469731149420488032256 0 0 0 0
1366780316452059190809678411988992 840324591557898573637185540456448 0 0 0 0 0
1367498901656612084102514775949312 0 0 0 0 0 0
1364254276552985047995177792176128 1001712346359242947073323359535104 999179781848448266659605034041344 0 0 0 0
1364244955862529241784658878791680 999167174203155731050934365585408 1362982896543938011269356486393856 0 0 0 0
2011871489945839440246126397095936 0 0 0 0 0 0
1367508783718883332914355535609856 839434842747832527202849417854976 0 0 0 0 0
1362824407634379854221439680905216 1362982896543938011269356486393856 1364246538346425099721615507193856 1080296794559139131384713403432960 0 0 0
1589886822092227565473098176135168 0 0 0 0 0 0
1364250547144444959444591894855680 1364229730333117629023233280835584 0 0 0 0 0
1365201284967002420684920199315456 1362109544231050562008977695047680 2015832897782690191759191146758144 0 0 0 0
1365122024262989881982166742597632 2011865261228653598424931359522816 0 0 0 0 0
1364250514502968214503687729446912 0 0 0 0 0 0
1610169231695875777132531606880256 993838070578931850773415313014784 0 0 0 0 0
1364242190926621921345019278524416 2193779350789733370371437741735936 2011938933172823280409707599101952 0 0 0 0
1364250547143854663634233189203968 0 0 0 0 0 0
1364250547144444959444591894855680 0 0 0 0 0 0
1366780316452059190809678411988992 0 0 0 0 0 0
1364242190926619615502010064830464 0 0 0 0 0 0
1589886822092223242017455900459008 1605571166870265126041424658169856 2015817613100918608645974967451648 0 0 0 0
1365125379951540601652122797211648 0 0 0 0 0 0
1364240643306491290280793353486336 0 0 0 0 0 0
1364254276552985047995177792176128 1586881651167941187368232427716608 2011840730724714324512861530882048 0 0 0 0
1364253967067975226650109067395072 816150118743150561161660623486976 836887080638174198000604747399168 0 0 0 0
1363775178141241635534302695391232 0 0 0 0 0 0
1607173975286959242299688842428416 1854436767628101365978547749912576 0 0 0 0 0
1610169541180885310247224179949568 1016655781383039980000355970711552 0 0 0 0 0
1427627545263014202081520165847040 0 0 0 0 0 0
1364250547336821153472914229559296 0 0 0 0 0 0
1364254260836949104774622369284096 0 0 0 0 0 0
1364250547016939046794478412103680 0 0 0 0 0 0
1366780316450968527066320334749696 1362200496677482784876700681371648 0 0 0 0 0
1364244955862529241784658878791680 1362182258701247589803073315274752 0 0 0 0 0
1364250547201111339626394575437824 1364250547143946320893849433538560 0 0 0 0 0
1367508783718887656369997811286016 2015832826541826324155497847980032 0 0 0 0 0
1366780316452060055500806867124224 0 0 0 0 0 0
1364242183795145250094044829188096 836899534156870216865852038316032 0 0 0 0 0
1364254276552985047995177792176128 1365528079656031047930159212527616 0 0 0 0 0
1365211167005969667124142761050112 1000109865557238647578878984323072 1605579497578564247032470186229760 1362194328663632061469437064118272 1123406819753103444083173230641152 0 0
2011871489662294537089136879206400 2015818661708951929756265352265728 1018173925291114473694663410712576 0 0 0 0
1366780316452054867354036136312832 836436210913910025432879964618752 0 0 0 0 0
2011871418411501421257393262559232 2015817364213315495484193624817664 0 0 0 0 0
1365122024262989881982166742597632 817495140774895806862708684357632 0 0 0 0 0
1365211168215102724379225016500224 2235026464527396963513874838978560 0 0 0 0 0
1366780935422281747684626666618880 997117125225573729046375115522048 837789291343173572141605650956288 0 0 0 0
1364254276552985047995177792176128 2011874893949589187706589997432832 816617440917955116904629917450240 0 0 0 0
1364242183795145250094044829188096 0 0 0 0 0 0
1364242190926287574108683292901376 1362190607664278337210051584851968 0 0 0 0 0
1365205275730705610781948546908160 2015832826616627871374390079782912 0 0 0 0 0
1607633891658088220320721864228864 0 0 0 0 0 0
1607164071704458679142005537243136 1605579508274723466041088140115968 0 0 0 0 0
1364245577250400523704054677766144 1364242205433508089948675646685184 1364250528982439927340426338500608 0 0 0 0
1607639429803456657385490487443456 1362115069144825135345531512422400 0 0 0 0 0
1366780316452054867354036136312832 2015832897786174320546113038319616 0 0 0 0 0
1364253990080972141055006568611840 1587348696566564611623912252375040 0 0 0 0 0
1587348689510872353174507371888640 993838070578931850773415313014784 0 0 0 0 0
1364250547016831248633797671911424 0 0 0 0 0 0
1364242183851813647888480571752448 0 0 0 0 0 0
1610169231695874912441403151745024 0 0 0 0 0 0
1607164071652514665443072501874688 0 0 0 0 0 0
1366780316452059190809678411988992 0 0 0 0 0 0
1367498869167286966585328509386752 0 0 0 0 0 0
1365131940052589324732759927685120 819155186883560304634611846086656 816153801409612950935496585904128 0 0 0 0
1364250547144444959444591894855680 0 0 0 0 0 0
1364253918838553847032727088398336 840324579368876062084630262579200 0 0 0 0 0
1364254260836949104774622369284096 1585307062678939543579925566980096 0 0 0 0 0
1367508783718887656369997811286016 2193779290110802717906271754780672 0 0 0 0 0
1366780948772205421807789060128768 2015832898018479068582732000919552 1367490894034605540322956688752640 0 0 0 0
1610169231695879235897045427421184 0 0 0 0 0 0
1364253931078600917384291441180672 1362190582249962101491205616435200 1018171019991125285456832498761728 0 0 0 0
1365518116429003888544334544371712 0 0 0 0 0 0
1366780316452059190809678411988992 0 0 0 0 0 0
1364254260836949104774622369284096 0 0 0 0 0 0
1364242183851814512579609026887680 1362903661127649485927736441569280 1243498780862449456943551387533312 1362978254146285863699820482396160 0 0 0
1364242190926396236960492488228864 0 0 0 0 0 0
2011871489892786604290137726648320 0 0 0 0 0 0
1364253990080769226870195763544064 0 0 0 0 0 0
1607164071704458679142005537243136 834778620181900070005637463932928 2015832897790896687028982683533312 0 0 0 0
1366780316220663233149065796517888 839438285727131943712673507573760 997878706867159331990686054481920 0 0 0 0
1364254276552985047995177792176128 1362111386949698097472433668751360 1021994827440468257976309482782720 0 0 0 0
1365211167005973990579785036726272 2011950718055114960035113416523776 816638145171680210431756380143616 0 0 0 0
1427627545263014202081520165847040 1243498794160136275305610606542848 816638145449799032642501848596480 1019676355078896307871109833818112 0 0 0
1607164071703962634664648441331712 1364250515711875010913490891177984 819155566638473910708171352047616 2015832839521616654900430391738368 0 0 0
1365113700714053144674021471682560 2015814599759629411791789992443904 0 0 0 0 0
1607631106495731851428180527153152 1021994827161313103448110534754304 2015832897792187959114142352146432 0 0 0 0
1364242183851814512579609026887680 1037596515485681579616886184738816 998691805176015594977185885061120 1362190594239884580800571428044800 1060006370986026321399156219838464 0 0
1364250547140584690016792019468288 0 0 0 0 0 0
1347701743090317248515969548025856 839453080405747247776030940725248 0 0 0 0 0
1364242190926398254573125550211072 0 0 0 0 0 0
1364255498776988390154897268408320 999167174278713594776848689004544 0 0 0 0 0
1365211167005973990579785036726272 0 0 0 0 0 0
1364244943772791430292450683387904 836843183650045515928914567888896 1361718618997829664102580716830720 2015832898018513944458246358040576 0 0 0
1364250514502968214503687729446912 1362109544231032115264903985496064 1243486010661378778530672300523520 0 0 0 0
1365205275730705610781948546908160 2015832826592519418021932454379520 1362200496361084230524434452054016 0 0 0 0
1488474774073969213353361919705088 1014120480182583521197362564300800 0 0 0 0 0
1607639429803456657385490487443456 1362115069144822829502522298728448 0 0 0 0 0
1364255417588932800663937437663232 0 0 0 0 0 0
1367498901680028784552208293167104 0 0 0 0 0 0
1365113700714053144674021471682560 2011148462845195493522203203338240 1014120480182583521197362564300800 0 0 0 0
1587348689491984328394909549592576 1602310358688481963491832851595264 0 0 0 0 0
1366780316452059190809678411988992 1243486010661378778530672300523520 0 0 0 0 0
1607164071704458679142005537243136 1605579508274723466041088140115968 836887080638174198000604747399168 0 0 0 0
1364260429055802818528662509322240 0 0 0 0 0 0
1364250547144444959444591894855680 0 0 0 0 0 0
1607164071704458679142005537243136 1605579508274725483653721202098176 0 0 0 0 0
1362111425357776054959414104293376 2015832898018492615410411131371520 0 0 0 0 0
1367498869167286966585328509386752 0 0 0 0 0 0
1364253931078600052693162986045440 816617479836421048187520047644672 2015836302122225445132637411737600 0 0 0 0
1366780316452055732045164591448064 2015832897791821906536429678231552 0 0 0 0 0
1364250547201111339626394575437824 2015832837420905763242028929384448 649037107316853453566312041152512 0 0 0 0
1365211167004884191527555414622208 816638145449798888527313772740608 0 0 0 0 0
1364253918838553847032727088398336 1242556104090537042118209485930496 1362190664167393304745356566724608 0 0 0 0
1364245577250400523704054677766144 1021994756018331262779222013247488 1364250528982439927340426338500608 0 0 0 0
1364254260836949104774622369284096 2011866466627086811279365605687296 1363778860708211222916210039455744 817576194566692984266527197888512 0 0 0
1365211167005973990579785036726272 1243498773664323402317571645505536 0 0 0 0 0
1364250547144444959444591894855680 0 0 0 0 0 0
1367508783718883332914355535609856 1367490893797900955594381846380544 2193779279548864026390597560434688 1367478084996202466864568582799360 0 0 0
1607639440684266631650436446158848 1607631106349667073088034476916736 817568179058481267471310900953088 836899555738563361889354430545920 1000097095417558733443305285091328 0 0
1364250547144444959444591894855680 1364250547144444959444591894855680 0 0 0 0 0
1364253931078600052693162986045440 1362190582249962101491205616435200 1018171019991125285456832498761728 0 0 0 0
1364242191242317193579475331186688 0 0 0 0 0 0
1589886822092223242017455900459008 834766894535775954284150844817408 0 0 0 0 0
1364250560315125080168032395853824 2011158436194552086486735162179584 816617441113013871043796233355264 0 0 0 0
1367498880046366982132611894214656 1362111436199734880362118533611520 0 0 0 0 0
1364254276552985047995177792176128 1362194367340408175437832345616384 1605583243855506075245237982199808 0 0 0 0
1367508783718887656369997811286016 1367478084996202466864568582799360 0 0 0 0 0
1367498869167286966585328509386752 0 0 0 0 0 0
1607167465079175468126199483465728 839434842747832527202849417854976 0 0 0 0 0
1607633891658088220320721864228864 0 0 0 0 0 0
1364244943829459828086886425952256 1363060267796173427759533925597184 1362190595576260972833092956848128 0 0 0 0
1364254299565779048215264488325120 1243498819698855767790484956643328 0 0 0 0 0
1362665962133494919629395871137792 0 0 0 0 0 0
2011871503190970620051058648416256 1043148746831776836113785717522432 0 0 0 0 0
1365201252453137368942177194868736 0 0 0 0 0 0
1365211167005973990579785036726272 2011840730724714324512861530882048 0 0 0 0 0
1364250547144444959444591894855680 1364254179648893515283662538539008 0 0 0 0 0
1607173975324536701129715957628928 838822687372342181523208093564928 0 0 0 0 0
1589886835390614495418829902970880 2011856243660831619434431360532480 0 0 0 0 0
1367508783718883332914355535609856 999179831882850695626585343524864 2011940825097990864801839150268416 0 0 0 0
1365211167005973990579785036726272 1605571173987348725228887229857792 2238924466911723032322597046976512 0 0 0 0
2011871489892786604290137726648320 2015832841199004746026317422526464 2015818604420090692641898226515968 0 0 0 0
1607164060824717174881453973962752 1589887131577237386818166900916224 0 0 0 0 0
1364250525256274293731153267392512 1605582934412889754085315324149760 2011929862407542871892654267826176 0 0 0 0
1367508783718887656369997811286016 2015832897740194369790511222358016 0 0 0 0 0
1364242190926987109231603497304064 1243498794033129001206239585107968 0 0 0 0 0
1364253918838553847032727088398336 2011871489892599831006391417438208 0 0 0 0 0
1364250514502966196891054667464704 0 0 0 0 0 0
1364250561651056156269399530012672 0 0 0 0 0 0
1366780316173439568320369344380928 1605577687637364407077231482896384 816153801230693080248193065680896 0 0 0 0
1364242190926620480193138519965696 816617441113108122376797843095552 816153801409596810034432090046464 0 0 0 0
1362824440219188201367908103749632 0 0 0 0 0 0
1364250561651444979046828189155328 0 0 0 0 0 0
1364242190926987109231603497304064 0 0 0 0 0 0
1589886822092227565473098176135168 0 0 0 0 0 0
1364242190926398254573125550211072 0 0 0 0 0 0
2255260345900145378720286949507072 2015832837344605706297523948224512 0 0 0 0 0
1364254260884506252148526351908864 816617408566482661965463205969920 1017310392061169283372771274915840 0 0 0 0
1365113700714053144674021471682560 2015832826691853693706977631272960 1419768672255616929676307590021120 0 0 0 0
2012029946217815997656453269684224 1001712358598562379840292716019712 0 0 0 0 0
1364244955862527224172025816809472 1364250528982223466327936402980864 1038543539615919362967921110286336 816153801259027279145410936963072 0 0 0
1607639440684266631650436446158848 817568179100979539398188114903040 0 0 0 0 0
1366780316452059190809678411988992 0 0 0 0 0 0
1364245286050063988479934662180864 1587348689491984328394909549592576 839434881164282712425908624424960 1243495914181693061572871493517312 0 0 0
1364250514502968214503687729446912 1364242190926397678112373246787584 1362190582278076957072172035080192 1362109544231049120857096936488960 0 0 0
1607167465079175468126199483465728 2011853514096356604912559999418368 0 0 0 0 0
1364250525256274293731153267392512 1605582934412889754085315324149760 1039731993405736849531147298799616 0 0 0 0
1364250547144444959444591894855680 1607639381072595704230204856598528 0 0 0 0 0
1365113700714053144674021471682560 2015832897781451954063243393105920 0 0 0 0 0
1364250561651549894903747412230144 0 0 0 0 0 0
1364242190926614715585615485730816 0 0 0 0 0 0
1366780316452055732045164591448064 993838070578931850773415313014784 0 0 0 0 0
1367498869162675280566901121482752 0 0 0 0 0 0
1364250514502949767759614019895296 817568218022173715306542272610304 839453081300893950696860642443264 0 0 0 0
1364254260836949104774622369284096 1243815660928177206032621285408768 837858635082033314351486540447744 0 0 0 0
1367498940408746029915775092916224 0 0 0 0 0 0
1362665976640235820123471776579584 0 0 0 0 0 0
1365204656788247421350566229442560 2015832826537214638137070460076032 0 0 0 0 0
1366780316220663233149065796517888 839438285727135402477187328114688 0 0 0 0 0
1364250547144442941831958832873472 0 0 0 0 0 0
1365113700714053144674021471682560 2015814638124614910431456460275712 2011162150019081596764937959505920 836887080638174198000604747399168 0 0 0
1364242183851814512579609026887680 839453080091968131082231467737088 0 0 0 0 0
1364260429055802818528662509322240 1585217906903358417022619620474880 649037107316853453566312041152512 0 0 0 0
1362824440219077520903465846439936 0 0 0 0 0 0
1364244955862527224172025816809472 1364245897615740703968152912920576 1060006356399134317904812312625152 1243498780917878320005346693742592 0 0 0
2011871503192077424695481221513216 0 0 0 0 0 0
1367508783718887656369997811286016 1243498773664323402317571645505536 0 0 0 0 0
1364250514475332974268637759143936 0 0 0 0 0 0
1367508783718887656369997811286016 836436160978864498235472741400576 0 0 0 0 0
1364250547195892928666167834312704 2011871489892599831006391417438208 2011840730724714324512861530882048 0 0 0 0
1365116486201427885548022129491968 839437989592251304748963346776064 816617440917955116904629917450240 0 0 0 0
1607167465079175468126199483465728 993838070578931850773415313014784 0 0 0 0 0
1488474774073969213353361919705088 0 0 0 0 0 0
1364245299348248004240855583948800 2015817384803964376791866073415680 2015832839838777578597617898618880 1243495914181693061572871493517312 0 0 0
1365211167005973990579785036726272 1605579544669506769731215161294848 0 0 0 0 0
1364250547201114221930156092555264 1367490893798486351488345972932608 999167131648671819179920908615680 0 0 0 0
1610169231695879235897045427421184 2190500237194380405786303138889728 0 0 0 0 0
1364250547016831248633797671911424 0 0 0 0 0 0
1364250514475332974268637759143936 1367490893755399657248555039457280 0 0 0 0 0
1589887454359341424871926925361152 1001712417836816587552362231496704 1022851361794653486931157362671616 0 0 0 0
1364250547144442941831958832873472 0 0 0 0 0 0
1607639429803456657385490487443456 1607633891578027333428189348233216 2193769458068227519579022516289536 0 0 0 0
1365113700808707711971867456700416 2015817384808795982587297217380352 1362200557044729467252313988005888 0 0 0 0
1365211167057915698435708858400768 2238921118504344023831392301350912 0 0 0 0 0
1364250547144444959444591894855680 0 0 0 0 0 0
1366780316452054867354036136312832 0 0 0 0 0 0
1589886835390412734155523704750080 0 0 0 0 0 0
2011871489893690494749749494677504 837779375487447740033534454136832 0 0 0 0 0
1364250547017160407723362926723072 0 0 0 0 0 0
2012029946217815132965324814548992 2015832837573109272133454136344576 0 0 0 0 0
1366780316452055732045164591448064 2012029945987319318769433994854400 0 0 0 0 0
1366780316452059190809678411988992 0 0 0 0 0 0
1365122024262989881982166742597632 1585217860964179577509720195334144 0 0 0 0 0
1364250547144444959444591894855680 0 0 0 0 0 0
1365113700709222980030471086276608 1362200496830431945751230366613504 2015832897786174320546113038319616 0 0 0 0
1364250547016831248633797671911424 0 0 0 0 0 0
1610169231416652023774808551456768 839453080405749553619040154419200 0 0 0 0 0
1367508783718887656369997811286016 2011950718056204759087343038627840 0 0 0 0 0
1365113700709222980030471086276608 1021994827440468257976309482782720 2015832839521616654900430391738368 0 0 0 0
1610169231695879235897045427421184 1016655781383039980000355970711552 0 0 0 0 0
1364244969160216348377094249512960 1243498794311439208386749790158848 0 0 0 0 0
1364254299570501414698134133538816 1001697182876993599981872459284480 649037107316853453566312041152512 0 0 0 0
1610169231416669894058129957584896 816638145449798888527313772740608 0 0 0 0 0
1367498900819314370596838228099072 0 0 0 0 0 0
1364250525256276311343786329374720 1362109544231030097652270923513856 0 0 0 0 0
1364242183851814512579609026887680 1039731993415181438381698513371136 816153801258810818132921001443328 1364245577249749987745080264359936 0 0 0
1587348689491982887243028791033856 2011850634245028607555060723875840 0 0 0 0 0
1365113700714053144674021471682560 2015814599444296445140156641443840 0 0 0 0 0
1365204656788247421350566229442560 2015832826541826324155497847980032 0 0 0 0 0
1607633891658088220320721864228864 0 0 0 0 0 0
1365509834452039859677344212975616 2011158436193871574568640970752000 837779374568046595074726285017088 649037107316853453566312041152512 0 0 0
1364250547016939046794478412103680 816153801310754831831854036811776 1604845659888938422294826258006016 0 0 0 0
1364242183851814512579609026887680 997112161223968429315237695455232 0 0 0 0 0
1610169231695874912441403151745024 1605577687442305652938065166991360 0 0 0 0 0
1367498880018528827712751118843904 2193769389325702759053824616300544 1362982874656050964246051143286784 1367478084996202466864568582799360 0 0 0
1362824440275855158010463087755264 0 0 0 0 0 0
1589886822092227565473098176135168 1243486010661378778530672300523520 0 0 0 0 0
1367508783718887656369997811286016 2011950718056200435631700762951680 0 0 0 0 0
1364250547144112918051265122926592 816619909918309244390532523753472 839438285727135402477187328114688 0 0 0 0
1366780316173439568320369344380928 836436210913910025432879964618752 0 0 0 0 0
1364242183851813647888480571752448 1364250528982223466327936402980864 1057875211269418308084819543719936 0 0 0 0
1364253918838553847032727088398336 840324579519659892258320213344256 0 0 0 0 0
1367498869167286966585328509386752 2193774373646851483509600542523392 1242556089437531043172562090590208 0 0 0 0
2011853190453324574194701491503104 1347683853405113371725995251335168 0 0 0 0 0
1607634523897955662261929302294528 997117125173623374279166742495232 1587352093826919136734598343426048 0 0 0 0
1607164071704458679142005537243136 1605579508274723466041088140115968 1363775096853690073117276577464320 0 0 0 0
2011853205825693063636029540401152 816617441113401829130096437362688 0 0 0 0 0
1362829391851731920308589629014016 831578793749718487381837302726656 0 0 0 0 0
1610169231695874912441403151745024 2012033659807440921905148664479744 839437975962803541216127814205440 0 0 0 0
1367498879919359131572488569356288 2193769389198478447481211355922432 1363132996967117492853165715881984 816638145298683161075485125902336 1058905258062789420437270324838400 0 0
1364253918838553847032727088398336 1362109549066733376110787622338560 0 0 0 0 0
1362824440219188201367908103749632 0 0 0 0 0 0
1367498880018528827712751118843904 834768704392283765778039403708416 1017310472937656483155015261749248 816150098319779781533335981916160 0 0 0
1365113700714054585825902230241280 1367490894033684356040775818018816 0 0 0 0 0
1364245577250402829547063891460096 2015814613951410603971349013594112 1364245897671170287605888598409216 0 0 0 0
1364250547144444959444591894855680 0 0 0 0 0 0
1364255498903361269196358372294656 0 0 0 0 0 0
1367498901808281213876554709336064 0 0 0 0 0 0
1364250514502966196891054667464704 0 0 0 0 0 0
1367498901803669527858127321432064 0 0 0 0 0 0
1589886822092223242017455900459008 1605577687442305652938065166991360 0 0 0 0 0
1607639440684266631650436446158848 1362115069144109171091170660450304 1362115069144109171091170660450304 0 0 0 0
1364253931078600917384291441180672 1364242500406575893662010827603968 2011935781308355705117093629263872 0 0 0 0
1367508783718887656369997811286016 0 0 0 0 0 0
1364250547144444959444591894855680 0 0 0 0 0 0
1347701743090321571971611823702016 0 0 0 0 0 0
1364250514502966196891054667464704 0 0 0 0 0 0
1364250547145033814103069841948672 0 0 0 0 0 0
1587348689491982887243028791033856 837779385448378251030448478093312 0 0 0 0 0
1607639429803456657385490487443456 1001712417836816587552362231496704 1042277165566546287921217862107136 0 0 0 0
1367498869167286966585328509386752 816638145450885949390969953583104 1367490894033697902868454948470784 0 0 0 0
1364242183851814512579609026887680 1019449583797253285081392751837184 1362816084001140343574937152258048 0 0 0 0
1367508783718887656369997811286016 997799478704645067653092510531584 0 0 0 0 0
1364253931078600052693162986045440 1362190582249962101491205616435200 1018171019991125285456832498761728 0 0 0 0
1364250547143946897354601736962048 0 0 0 0 0 0
1364250547059442362752938281009152 0 0 0 0 0 0
1364254260836949104774622369284096 999158818061257185715741050011648 0 0 0 0 0
1610169231695874912441403151745024 839437546604111902711965668081664 0 0 0 0 0
1364244943772791430292450683387904 836920554902500852196095763152896 1361718618997829664102580716830720 2015832898018513944458246358040576 0 0 0
2011950718055283286574786016182272 0 0 0 0 0 0
1364250547144661420457081830375424 0 0 0 0 0 0
1364253918838553847032727088398336 993838070578931850773415313014784 0 0 0 0 0
1427627545263014202081520165847040 0 0 0 0 0 0
1367498901806940366166696946302976 0 0 0 0 0 0
1364242190925900192483135392317440 2015817303615908787300906242670592 0 0 0 0 0
1607164071704458679142005537243136 1605579508274725483653721202098176 2011840730724714324512861530882048 0 0 0 0
1367508783718887656369997811286016 0 0 0 0 0 0
2011950718055281845422905257623552 2011919958887228588850455074832384 0 0 0 0 0
1365122024262989881982166742597632 1019449551240887799683951395602432 0 0 0 0 0
1366780316452059190809678411988992 0 0 0 0 0 0
1364242190926396236960492488228864 0 0 0 0 0 0
2011871489893690494749749494677504 2015832898018492615410411131371520 0 0 0 0 0
1364250547144444959444591894855680 1607618645576937674110600296267776 0 0 0 0 0
1365205275730705610781948546908160 2015832826692776607371415412277248 836436160978864498235472741400576 0 0 0 0
1364242190926398254573125550211072 0 0 0 0 0 0
1364252322738834587213250189852672 0 0 0 0 0 0
1365113700714053144674021471682560 2011161840486955908751853522780160 836887080638174198000604747399168 0 0 0 0
1364250547144444959444591894855680 0 0 0 0 0 0
1364250547016939046794478412103680 0 0 0 0 0 0
1366780316172900289286589491707904 1607631099095633692975847587184640 1367490855069823869896247998414848 816617441113401252669344133939200 0 0 0
1364260429055802818528662509322240 816617131627804017817678220623872 1364263193399804561958789147787264 0 0 0 0
1608509115416648976076586633658368 816153801230695386091202279374848 0 0 0 0 0
1364242190926396236960492488228864 2015817385124715498054399301779456 836899534156871081556980493451264 1021994827439382061803781757075456 1037681943911583323355907606183936 0 0
1589886835390264871972557876625408 0 0 0 0 0 0
1347691828534109196168515133898752 0 0 0 0 0 0
1365205275730631823805653708701696 836899541547371744944213735768064 0 0 0 0 0
1364254276552985047995177792176128 1367651825960394058607216606314496 1367490894034605252092580537040896 0 0 0 0
1607649344299622863616029524754432 0 0 0 0 0 0
1607173976532372433461739358519296 2015832897796562719763373032996864 2015832897783503289650315125587968 0 0 0 0
1610169231695874912441403151745024 0 0 0 0 0 0
1364242190926382978363189509488640 0 0 0 0 0 0
1364242190926398254573125550211072 0 0 0 0 0 0
1607167465079175468126199483465728 819155186935505759485425640013824 1243498773664323402317571645505536 0 0 0 0
1365116795559321193481158334087168 1001712417836816587552362231496704 2015817674951194163131229193371648 0 0 0 0
1364250465828775659142837841166336 0 0 0 0 0 0
1589886822091140072263877767725056 1605582913946263233101586770165760 0 0 0 0 0
1589887131577237386818166900916224 2015817423768005295151864864571392 0 0 0 0 0
2011871489892786604290137726648320 2012188402543743228644481394802688 839438539132209806322518101852160 0 0 0 0
1607631144894216060844951237296128 997098924564017441831971201220608 1017389619016753002874645868707840 0 0 0 0
1362824478825126800480625645060096 1001697194573551887794700313165824 0 0 0 0 0
1364254276552985047995177792176128 1362111386949698097472433668751360 1001712417836816587552362231496704 0 0 0 0
1347701743090321571971611823702016 0 0 0 0 0 0
1367652135445403879952285331095552 2015814599759629411791789992443904 2011938932977967440455352088264704 0 0 0 0
1610169231695874912441403151745024 2015832897786174320546113038319616 0 0 0 0 0
1364244969160215195455589642665984 1243498794311439208386749790158848 0 0 0 0 0
1364254260936223716771804141846528 0 0 0 0 0 0
1364250508457577900007125185200128 0 0 0 0 0 0
1365211167057920886582479589212160 997809382224959350695291703525376 0 0 0 0 0
1364250547143946897354601736962048 0 0 0 0 0 0
1367508783718887656369997811286016 0 0 0 0 0 0
1607164071703962634664648441331712 836899534156870216865852038316032 2015832898018495497714172648488960 1034402889786235191621309815586816 0 0 0
1365518216959872591869361170415616 1587348689491982022551900335898624 838822687373265095187645874569216 2011859704815453176117758544314368 0 0 0
1366780316414481155518898993364992 2011856243660831619434431360532480 0 0 0 0 0
1365211168266845841505980308783104 2235026464527396963513874838978560 0 0 0 0 0
1365122024262989881982166742597632 2011861527040971119279959917461504 0 0 0 0 0
1362827811912800468017933897957376 836899850711632462639382294167552 0 0 0 0 0
1364240656604675306041714275254272 0 0 0 0 0 0
1364254260836949104774622369284096 2015832826598329277714022508003328 2015817613100918608645974967451648 0 0 0 0
1364242183851814512579609026887680 1001712417557809006976752959881216 2238921105084465684494704860725248 0 0 0 0
1367498901680028784552208293167104 0 0 0 0 0 0
1364250547199872525469694518362112 0 0 0 0 0 0
1364244976414268175233354848796672 837789290357442114834192134045696 0 0 0 0 0
1367508783718883332914355535609856 2193779290110802717906271754780672 0 0 0 0 0
1607164132014395651136245542682624 0 0 0 0 0 0
1364242190926398254573125550211072 0 0 0 0 0 0
1607164132019118017619115187896320 2011929862407542871892654267826176 0 0 0 0 0
1364242183795145250094044829188096 0 0 0 0 0 0
1607164132014395651136245542682624 0 0 0 0 0 0
1364242183795145250094044829188096 0 0 0 0 0 0
1364254260836949104774622369284096 816617441107980792215435042881536 2011940775571050006621700206100480 836899541231449923634102437675008 0 0 0
1606302465536880369876939277598720 1362109544231418343968947279233024 649037107316853453566312041152512 0 0 0 0
1362834323339471880066607892922368 2015832837344605706297523948224512 0 0 0 0 0
1364244976414268175233354848796672 0 0 0 0 0 0
1587348689487260520760159145820160 1605589412074251990838597382045696 0 0 0 0 0
1365201252425504146319760286547968 839453080091968131082231467737088 0 0 0 0 0
1364244976414269039924483303931904 0 0 0 0 0 0
1364245595304007587714708329725952 1364242183851813647888480571752448 1362981054018481208877227584782336 0 0 0 0
1607639441893192451265065620865024 2011861561920367944142526403837952 1020379505021210403867252536377344 0 0 0 0
1364250554080360491010767594717184 0 0 0 0 0 0
1364253990080972141055006568611840 840324579392488038614166564503552 0 0 0 0 0
1364250561333915408698542642954240 0 0 0 0 0 0
1364242183851813647888480571752448 1019444632122208267794884419649536 1364250528883051752575040791511040 1358921443444661918404465836163072 0 0 0
1364250547016939046794478412103680 0 0 0 0 0 0
1607631106165386117404309118255104 2011853539531724899075150841905152 0 0 0 0 0
1366780316452054867354036136312832 993838070578931850773415313014784 0 0 0 0 0
1367508783718887656369997811286016 1243498773664323402317571645505536 0 0 0 0 0
1366780625658057684584247892901888 2011871489893690494749749494677504 0 0 0 0 0
1367508783718887656369997811286016 997117125173623374279166742495232 1367487988516516749906767775793152 0 0 0 0
1367498869138196451181088546488320 816638145299935666175052389285888 0 0 0 0 0
1364253990080972141055006568611840 1362190583690652813647921597644800 0 0 0 0 0
1364250514502968214503687729446912 0 0 0 0 0 0
1366780639235249280920778086285312 1014120480182583521197362564300800 0 0 0 0 0
1364245266557053737402834725371904 1362903668381425764544396004425728 836903255174353199439615958712320 0 0 0 0
1364250547171538326572476647079936 0 0 0 0 0 0
1347701743090321571971611823702016 2011840730724714324512861530882048 0 0 0 0 0
1364244990920879948518914787377152 837858614847436569625528216059904 1362194328687243893883785290186752 1120861631824568988541320398110720 1362982896416932178321866223517696 1364250528944663877781230693908480 1605583243921141608272129628831744
1425089423363632950829240822005760 2011840730724714324512861530882048 0 0 0 0 0
1364250547144445824135720349990912 2015832898018479068582732000919552 1364250546826805573322992546480128 0 0 0 0
2011871489892786604290137726648320 2015832898018496362405301103624192 0 0 0 0 0
1367508783718887656369997811286016 997117125173627697734809018171392 2193779291638121646076137004072960 0 0 0 0
1367508783718887656369997811286016 999179831882850695626585343524864 816638145449983355968050868256768 0 0 0 0
1364242183851813647888480571752448 2015817353650329663011960261705728 2015832838838703489542519053615104 0 0 0 0
2011871489893690494749749494677504 1605589413283177810453226556751872 0 0 0 0 0
1365201252425504146319760286547968 999158810986084444948558503739392 0 0 0 0 0
1364250547144444959444591894855680 1358921443444661918404465836163072 0 0 0 0 0
1364255518247410314883363707551744 0 0 0 0 0 0
1364254260964784176514301106847744 0 0 0 0 0 0
1367508783718883332914355535609856 839453080410358933794458328629248 0 0 0 0 0
1589886822092223242017455900459008 2015814612742484784356719838887936 0 0 0 0 0
1364250547144444382983839591432192 0 0 0 0 0 0
1364250547295230951346102983458816 1364242529751564997089925445713920 0 0 0 0 0
1607164071704458679142005537243136 1605579508274725483653721202098176 1358921443444661918404465836163072 0 0 0 0
1589886822092227565473098176135168 0 0 0 0 0 0
1365211167005973990579785036726272 0 0 0 0 0 0
1364250547195892928666167834312704 1688769100485232300106148567056384 0 0 0 0 0
1364250547201112780778275333996544 0 0 0 0 0 0
1364244955862527224172025816809472 1364245897615740703968152912920576 1038543539615919362967921110286336 816153801259027279145410936963072 0 0 0
1347691828538720882186942521802752 0 0 0 0 0 0
1364245577250398506091421615783936 1364250526564371827098678053568512 997820264083605940188913229365248 649037107316853453566312041152512 0 0 0
2011871489892602136849400631132160 2011158436198596246894519829659648 0 0 0 0 0
1610169231695874912441403151745024 0 0 0 0 0 0
1364185783461722998023474361925632 0 0 0 0 0 0
1366780316450970832909329548443648 1605571166870262820198415444475904 838167184757096428654715679539200 2015832838312690835285801217032192 0 0 0
1364242183851813647888480571752448 816638145450885949390969953583104 2012029946218719023424936582578176 0 0 0 0
1364260429055802818528662509322240 2011840730724714324512861530882048 0 0 0 0 0
1589886821813013323717788127199232 1243498832760607864758670555348992 0 0 0 0 0
1367508784926722812241268908752896 2011158375984771134979948863815680 2193779291638121646076137004072960 0 0 0 0
2011871418467302822080364656197632 2015832838502934989221729339965440 0 0 0 0 0
1366780935421175807731332548657152 1854436767627935921742636667371520 1364242205433506072336042584702976 1605589413283174351688712736210944 0 0 0
1427627545263014202081520165847040 0 0 0 0 0 0
1610169231695874912441403151745024 2190500237194380405786303138889728 0 0 0 0 0
1364244943772791430292450683387904 836920554902500852196095763152896 1021994827439382061803781757075456 1037681943911583323355907606183936 0 0 0
1365116795559320328790029878951936 2015832837496646653256799589761024 816153801311345992333341197598720 0 0 0 0
1607164071703962634664648441331712 1362190582249962101491205616435200 1021994827440468257976309482782720 2011999187049742853188048618782720 0 0 0
1362824440219186760216027345190912 0 0 0 0 0 0
1366780316452059190809678411988992 0 0 0 0 0 0
2011853205947409004490007437639680 839453080091968131082231467737088 0 0 0 0 0
1365113700714053144674021471682560 2015832826597738405442911498928128 834768705629067771823671897751552 0 0 0 0
1364242190926397678112373246787584 0 0 0 0 0 0
1610169231695879235897045427421184 0 0 0 0 0 0
1364229730333117629023233280835584 0 0 0 0 0 0
1367508783718887656369997811286016 0 0 0 0 0 0
1691299192892757417495138601533440 649037107316853453566312041152512 0 0 0 0 0
1367508783717796992626639734046720 2011158364953484728237478754910208 2011148543517178629738789280415744 839434842747832527202849417854976 0 0 0
1365211168213978337681857188986880 2015832826512957169680142399700992 0 0 0 0 0
1364242183851814512579609026887680 0 0 0 0 0 0
1366780316452059190809678411988992 1014120480182583521197362564300800 0 0 0 0 0
1364253918838553847032727088398336 1362194367340408175437832345616384 2011856243660831619434431360532480 0 0 0 0
1364242205433506072336042584702976 0 0 0 0 0 0
1364250547016831248633797671911424 0 0 0 0 0 0
1364245278645721061278015463358464 2015832837421090230682766024900608 0 0 0 0 0
2011871489892786604290137726648320 1042277237044120072515444809924608 0 0 0 0 0
1366780316452262104994489217056768 0 0 0 0 0 0
1364250547144444959444591894855680 0 0 0 0 0 0
1347691860190748286198452240515072 0 0 0 0 0 0
1364244976413954580584101786419200 1362109544230828624619340877004800 1037593730120594052202396116844544 1362816098508249314259358793596928 0 0 0
1366780316452055732045164591448064 2011950657140566063129088388759552 0 0 0 0 0
1364255498776988390154897268408320 836899850838748111360186359218176 0 0 0 0 0
1607167465079175468126199483465728 816153801230696106667142658654208 1604845659888938422294826258006016 0 0 0 0
1589886822092227565473098176135168 1605577687442305652938065166991360 0 0 0 0 0
1364250547145196376035219407372288 0 0 0 0 0 0
1367498869167286966585328509386752 1363778860609019909497736111587328 997107209464292488407123381714944 816638145299934945599112010006528 0 0 0
1367652135723637561967927256678400 839434835357328981511854658420736 2015832826691890587195125050376192 1419768672255616929676307590021120 0 0 0
1589887441061343317703623857668096 2015832838781171553541132782665728 0 0 0 0 0
1364244955862529241784658878791680 2015814613951410603971349013594112 1364244969216140823570682424066048 0 0 0 0
1364253931078600052693162986045440 1362190582250035888467500454641664 1018171019991125285456832498761728 0 0 0 0
1364244976470599631718069240332288 0 0 0 0 0 0
1607164074070568642396389352931328 2015817353650311216267886552154112 1037675432926643553618993644306432 0 0 0 0
1364253951351939571659929796214784 0 0 0 0 0 0
1610169231694788572153687350181888 839437628112157397042042056474624 0 0 0 0 0
1364250547143946320893849433538560 0 0 0 0 0 0
1589886822092227565473098176135168 0 0 0 0 0 0
1366780316452059190809678411988992 2015817364062199768032364977979392 0 0 0 0 0
1588616340092208234340763977121792 1001694132682294257166915542712320 839453081619287059252096717029376 0 0 0 0
1362822583459933711943080553218048 2011871430427818309032475925413888 0 0 0 0 0
1364250547144666320373476409475072 0 0 0 0 0 0
1364253990080972141055006568611840 840324579373598572682687983648768 0 0 0 0 0
2011871489892786604290137726648320 2015832841199890189741855481004032 1042262635168726510561990614712320 0 0 0 0
1364250294161309273865495032889344 0 0 0 0 0 0
1364250508458818731776458304258048 0 0 0 0 0 0
1364244990920879948518914787377152 837858614847436569625528216059904 1362194328687243893883785290186752 1120861631824568988541320398110720 1362982896543956458013430195945472 1058908891202276508501017213534208 1363212534364357019634865243422720
1364250514475111613339753244524544 0 0 0 0 0 0
1610169231695879235897045427421184 1016655781383039980000355970711552 0 0 0 0 0
1362824440369992640013492901904384 0 0 0 0 0 0
1610169231695874912441403151745024 1607631099095635998818856800878592 1037681946798782677811961870155776 0 0 0 0
1347701743090317248515969548025856 2315473747732712740449955262496768 0 0 0 0 0
1365205275730705610781948546908160 2015814599759629411791789992443904 1367478084996202466864568582799360 0 0 0 0
1366780316450967950605568031326208 816155039312980397327613048127488 0 0 0 0 0
1365211167005969667124142761050112 2011865180040490210773290788585472 0 0 0 0 0
1607164071704458679142005537243136 1605579508274723466041088140115968 1358921443444661918404465836163072 0 0 0 0
2011871489662294537089136879206400 2015832826691853693706977631272960 0 0 0 0 0
1364254260837056902935303109476352 0 0 0 0 0 0
1364244943772791430292450683387904 2015832897787418034619207674494976 0 0 0 0 0
1364250547201113357239027637420032 0 0 0 0 0 0
1367508783717796992626639734046720 2011151865739409325515680086228992 839437628112157397042042056474624 0 0 0 0
1364244955862529241784658878791680 1364245595304007587714708329725952 1364250528982439927340426338500608 0 0 0 0
1425089423363632950829240822005760 819155186935690659271726963097600 816638145298867196170657993850880 0 0 0 0
2011871489892787468981266181783552 0 0 0 0 0 0
1365201252425504146319760286547968 2011152176612078352109311348441088 0 0 0 0 0
1607631106495731851428180527153152 2235057236994756604931980709068800 1423047785860464491082255729426432 0 0 0 0
1367508784927813475984626985992192 1854436767628104824743061570453504 0 0 0 0 0
1367508783718887656369997811286016 997117125172537033991450940932096 2011148543517178629738789280415744 0 0 0 0
1607164071704458679142005537243136 836899534156870937441792417595392 0 0 0 0 0
1367498901807532679589688713936896 0 0 0 0 0 0
1427627545263014202081520165847040 0 0 0 0 0 0
1367508783718887656369997811286016 0 0 0 0 0 0
1364242190926396236960492488228864 0 0 0 0 0 0
1364250539889649209987483727560704 0 0 0 0 0 0
1367508783718887656369997811286016 997117125173623374279166742495232 839434842747832527202849417854976 0 0 0 0
1589886822092080856211636954857472 2234957139885196982218480488022016 0 0 0 0 0
1425089423363632662598864670294016 1367490855389650636342462687215616 0 0 0 0 0
1364250508509523931318691282550784 0 0 0 0 0 0
1367498869167286966585328509386752 816638145450885949390969953583104 2011940825097990864801839150268416 0 0 0 0
1365211167005973990579785036726272 836436160978864498235472741400576 0 0 0 0 0
1364245577250400523704054677766144 1019449551297558215091020200148992 1039731993415072919645077393899520 0 0 0 0
1364244955862528088863154271944704 837771051056780847353669359763456 2193779350747232072025610934812672 0 0 0 0
2011871489662294537089136879206400 2015818661708951929756265352265728 1021979971938045896948513519960064 0 0 0 0
1364250514502970520346696943140864 1585216049870887759970199142400000 1243498773664913698127930351157248 0 0 0 0
2011871418472025188563234301411328 1362109544231050562008977695047680 0 0 0 0 0
1607639429803456657385490487443456 0 0 0 0 0 0
1365211167005973990579785036726272 0 0 0 0 0 0
1364254276552985047995177792176128 2011874893949589187706589997432832 2011861596935476600464245606318080 0 0 0 0
1366780316220663233149065796517888 2015832898018477915661227394072576 0 0 0 0 0
1366780316450967950605568031326208 2015832897786938707503667377864704 0 0 0 0 0
1364250547201108457322633058320384 0 0 0 0 0 0
1366780625989011296471423261868032 1014120480182583521197362564300800 0 0 0 0 0
1364253990080972141055006568611840 1587357021555269147424335723495424 0 0 0 0 0
1365113700714053144674021471682560 0 0 0 0 0 0
1365528079707972755786083034202112 816617441113013871043796233355264 0 0 0 0 0
1363775096853690073117276577464320 0 0 0 0 0 0
1364242190925900192483135392317440 0 0 0 0 0 0
1607164071704458679142005537243136 1605579508274725483653721202098176 0 0 0 0 0
1610169231695874912441403151745024 839437628112157397042042056474624 0 0 0 0 0
1365211167005973990579785036726272 0 0 0 0 0 0
2011871489892599831006391417438208 2011950718055114095343984961388544 1605579497493782146578572631867392 0 0 0 0
1364244957071455061399288053497856 999167174207878097533804010799104 1605579544547221285653961481650176 1038535524409933480584027148648448 0 0 0
1365211168214899810194414211432448 817496964964394924650779033731072 2011853539762209760516747896553472 0 0 0 0
1364260429055802818528662509322240 0 0 0 0 0 0
1364242190926693402478304903036928 0 0 0 0 0 0
1607167465079175468126199483465728 2011853514096356604912559999418368 0 0 0 0 0
1364254276552985047995177792176128 1365522188380762668132322722709504 1358921443444661918404465836163072 0 0 0 0
1364250525256274293731153267392512 1605582934370388455739488517226496 0 0 0 0 0
1364242183851814512579609026887680 1037596515486179641706876342632448 1242556056853423095840142327283712 1362903635712590480529547511988224 0 0 0
1366780329750238883114957058080768 840309137707654571739738640744448 0 0 0 0 0
1589886822092223242017455900459008 0 0 0 0 0 0
1364250547016939046794478412103680 0 0 0 0 0 0
2011871489950355145549295264989184 0 0 0 0 0 0
1365201285094821351523534441021440 1362190583690652813647921597644800 0 0 0 0 0
1365113700714053144674021471682560 1362903668296698716092343427006464 0 0 0 0 0
1364242190925900192483135392317440 2011840730724714324512861530882048 0 0 0 0 0
1364242183851813647888480571752448 837771064312572083505384594079744 2015832838508137835741643888656384 0 0 0 0
1364242183851814512579609026887680 1037596515486179641706876342632448 1242556056853423095840142327283712 836902636077050157949754147864576 0 0 0
1364250561650313963050808872271872 0 0 0 0 0 0
1364242190926619615502010064830464 0 0 0 0 0 0
1347701743090321571971611823702016 0 0 0 0 0 0
1364254260836949104774622369284096 1605589472282591214003872818266112 0 0 0 0 0
1607164071703962634664648441331712 1364242500406575893662010827603968 2011950718056204759087343038627840 2015817922585928429991043692232704 0 0 0
1364250514475332974268637759143936 1362903668381369847851422572347392 1364244943772791430292450683387904 649037107316853453566312041152512 0 0 0
2011871489662294537089136879206400 2015818661708948759222127683436544 1021979971938045896948513519960064 0 0 0 0
1607173975286959242299688842428416 1467735874079905262984846318239744 0 0 0 0 0
1367498894552734047828819029524480 0 0 0 0 0 0
1365113700714053144674021471682560 2015832898018477050970098938937344 1016655781383039980000355970711552 0 0 0 0
1347691828534109196168515133898752 0 0 0 0 0 0
1364253931078600052693162986045440 839453069528797831169261009108992 2012029946218921937609747387645952 0 0 0 0
1607164071704458679142005537243136 2015832837340473635625013008662528 0 0 0 0 0
1607631144894216060844951237296128 997098924564018162407911580499968 2015832898018515962070879420022784 0 0 0 0
1365201252425504146319760286547968 993838070578931850773415313014784 0 0 0 0 0
1367651826239711775067565119766528 2011859704815453176117758544314368 0 0 0 0 0
1364250547144112918051265122926592 816619909918309244390532523753472 2015817663135339484357028986486784 0 0 0 0
1367508783718887656369997811286016 997117125173627697734809018171392 1367487988516516749906767775793152 0 0 0 0
1364250526644650039694828960219136 819152433144180856778902166568960 1585288757266610573313715889766400 0 0 0 0
1365113700714053144674021471682560 2015814599759629411791789992443904 0 0 0 0 0
1362824440190854002470690232467456 0 0 0 0 0 0
1362816076926557754502925235781632 816153801258476759126961167532032 1362109544231032115264903985496064 816153800941171432011321653067776 0 0 0
1364250547144444959444591894855680 0 0 0 0 0 0
1610169231695879235897045427421184 0 0 0 0 0 0
2011871489893687035985235674136576 2012109174381233287762530126528512 1014120480182583521197362564300800 0 0 0 0
1364254299565779048215264488325120 0 0 0 0 0 0
1364254260836949104774622369284096 2015832897781451954063243393105920 0 0 0 0 0
1366780306832100026653468650373120 2011146651548271509304883168673792 816617440917955116904629917450240 0 0 0 0
1367508783718887656369997811286016 1364242183851814512579609026887680 2011935792557774860531179186028544 0 0 0 0
1366780316452054867354036136312832 1605571166870263684889543899611136 0 0 0 0 0
1364242205555790979952543960924160 2015814599759629411791789992443904 0 0 0 0 0
1364250547144442941831958832873472 0 0 0 0 0 0
1364244943772791430292450683387904 836899544857734364419582458855424 1243498795369062527265804008816640 2015814614224422416262250377510912 1014120480182583521197362564300800 0 0
1364250547059440345140305219026944 1362822597694046723007289174786048 2011944172779814753165743715516416 0 0 0 0
1365116795559321193481158334087168 1001712417836816587552362231496704 2193779351025534064640400816078848 0 0 0 0
1364250514559636612298123472011264 0 0 0 0 0 0
1364254276552985047995177792176128 2011871489892602136849400631132160 1243495914181693061572871493517312 0 0 0 0
1364244943772791430292450683387904 836899555738563361889354430545920 0 0 0 0 0
1364244955862529241784658878791680 1242556056853423095840142327283712 1362903668381371289003303330906112 0 0 0 0
1364250547144444959444591894855680 0 0 0 0 0 0
1610169231695879235897045427421184 1014120480182583521197362564300800 0 0 0 0 0
1362665962133494919629395871137792 0 0 0 0 0 0
1365211168214896063199524239179776 2238923929130090155825617744953344 1039732006656698353384876375277568 1607639429746786241978421682896896 0 0 0
1362824478825123341716111824519168 2015818351992546150750584012013568 1079087573444280278024068603576320 0 0 0 0
1364242183851813647888480571752448 1060009141816166723709363871023104 816153801258810818132921001443328 1364245577249159691934721558708224 0 0 0
1364250547144442941831958832873472 0 0 0 0 0 0
1365205275730631823805653708701696 1605584481756527614605855662538752 0 0 0 0 0
1364250547220240613230831380463616 1364242519877002718306871845847040 0 0 0 0 0
2011871450976073690155002307280896 1605579509762859780416137391505408 0 0 0 0 0
1588616340092208234340763977121792 1001694132681592848546550352183296 1605579497522651301053928080146432 2193035538394836864589296545300480 0 0 0
1364248690106880118724066063417344 0 0 0 0 0 0
1366780316452054867354036136312832 993838070578931850773415313014784 0 0 0 0 0
1610169231694788572153687350181888 2015817385123954281630982631063552 0 0 0 0 0
2011871489892786604290137726648320 1042277237044119928400256734068736 0 0 0 0 0
1364250547016939046794478412103680 0 0 0 0 0 0
1364250547144444959444591894855680 0 0 0 0 0 0
2011871489892786604290137726648320 1042277177805828827200039799488512 0 0 0 0 0
1588238444483628100905611256922112 0 0 0 0 0 0
1364250539946317607781919470125056 0 0 0 0 0 0
1362824440219188201367908103749632 0 0 0 0 0 0
1607164071704458679142005537243136 1605579508274725483653721202098176 0 0 0 0 0
1367498869167286966585328509386752 0 0 0 0 0 0
1691298883408669933353755354333184 1890156176623118585011377216159744 0 0 0 0 0
1367508783718887656369997811286016 1364250526469922479828652087312384 2015832897791660209295408567943168 0 0 0 0
1364244969160713257545579800559616 0 0 0 0 0 0
1364250547143946897354601736962048 0 0 0 0 0 0
1365211168213978337681857188986880 1362200499247192344776378335363072 2259206590151071181531258539737088 0 0 0 0
1607164071704458679142005537243136 1605579508274725483653721202098176 1358921443444661918404465836163072 0 0 0 0
2011871489892786604290137726648320 2011853539541169632040890132332544 1042262635168726510561990614712320 0 0 0 0
1364250514503445812236971115806720 0 0 0 0 0 0
1364250561651554794820141991329792 0 0 0 0 0 0
1364250547144444959444591894855680 1602310358688481963491832851595264 0 0 0 0 0
1610169231416669894058129957584896 839437628112157397042042056474624 0 0 0 0 0
1587348689491982887243028791033856 0 0 0 0 0 0
1364250546993324332076368668917760 0 0 0 0 0 0
1347701743090321571971611823702016 0 0 0 0 0 0
1364250547144444959444591894855680 1364250547199872525469694518362112 0 0 0 0 0
1364242183851814512579609026887680 993838070578931850773415313014784 0 0 0 0 0
2011871489614697613923323960360960 1364245562799479470777023875514368 1605579497578085208147306041311232 1018002660145782473739446217867264 0 0 0
2011874894228794206089863191592960 839437546604111902711965668081664 0 0 0 0 0
1607633891629754021423503992946688 2193769375999459227944158404542464 2193769389198478447481211355922432 0 0 0 0
1364242190926398254573125550211072 0 0 0 0 0 0
1364242183851815953731489785446400 0 0 0 0 0 0
2011950718055283286574786016182272 1017399537195131007388014618869760 2235194824372739775231261119873024 0 0 0 0
1364254276552984759764801640464384 1364229730333117629023233280835584 0 0 0 0 0
1364245253257801251637519408168960 816619885683287736811603231768576 0 0 0 0 0
1365211168215102724379225016500224 2235026464527396963513874838978560 0 0 0 0 0
1367498881227454647327380293550080 2193769386908017140521229652852736 2193769389198478447481211355922432 0 0 0 0
1364242190926599151145303293296640 0 0 0 0 0 0
2011871489892786604290137726648320 1894123585117022264522444394987520 0 0 0 0 0
1607639429803456657385490487443456 0 0 0 0 0 0
1364250561651056156269399530012672 817488989859656424549999135686656 0 0 0 0 0
1365122024262989881982166742597632 1625780869077803719192545744388096 0 0 0 0 0
1607164071652514665443072501874688 0 0 0 0 0 0
1364250514502968214503687729446912 0 0 0 0 0 0
1364250547295230951346102983458816 1364242552668784398651489892958208 1605582901856525421609378574761984 0 0 0 0
1364253931078600917384291441180672 1362190582250035888467500454641664 1018171019991125285456832498761728 0 0 0 0
1606302465536880369876939277598720 836899534156872522708861252009984 1036938190986691650424303221997568 0 0 0 0
1362824440275856599162343846313984 0 0 0 0 0 0
1364250547144442653601582681161728 0 0 0 0 0 0
2011871489662294537089136879206400 1364248690106880118724066063417344 2011859704966568903569587191152640 0 0 0 0
2011871489614476252994439445741568 2015818352223942108411196627484672 1078246764797156596165525301624832 0 0 0 0
1364254260836949104774622369284096 2011840730724714324512861530882048 0 0 0 0 0
1367498901680023884635813714067456 0 0 0 0 0 0
1364245577250400523704054677766144 2015814613951410603971349013594112 1364245872284489292122092600295424 0 0 0 0
1364250547144444959444591894855680 1605583243665372601773752116576256 0 0 0 0 0
1364250566487258073278658690154496 0 0 0 0 0 0
2011871489892786604290137726648320 2015832841199886730977341660463104 0 0 0 0 0
1364250547144429683234655854133248 0 0 0 0 0 0
1364250547049997053326446687158272 0 0 0 0 0 0
1366780329750238883114957058080768 840309137707656877582747854438400 0 0 0 0 0
1364250547144443518292711136296960 0 0 0 0 0 0
1367508783718887656369997811286016 997117125172537033991450940932096 2015814599759629411791789992443904 0 0 0 0
1607164071704458679142005537243136 1605579508274725483653721202098176 0 0 0 0 0
1364242191242315175966842269204480 0 0 0 0 0 0
1365204656788247421350566229442560 2015832826541826324155497847980032 0 0 0 0 0
1607164072913384498756634711949312 1364250547058962747407021832667136 0 0 0 0 0
1365113700714053144674021471682560 1364242183851813647888480571752448 1362813526928175153988748682723328 0 0 0 0
1366780316452054867354036136312832 0 0 0 0 0 0
1364254260963321983816083473170432 0 0 0 0 0 0
1364242190926601168757936355278848 1362109544231030097652270923513856 2015814599759629411791789992443904 0 0 0 0
1364250547195892928666167834312704 2011158436194552086486735162179584 816855093095827794661902743764992 1602310358688481963491832851595264 0 0 0
1366780316450968527066320334749696 1362200496361084230524434452054016 0 0 0 0 0
2011871489893690494749749494677504 0 0 0 0 0 0
1367508783718887656369997811286016 0 0 0 0 0 0
1365211167005973990579785036726272 1585217860964179577509720195334144 0 0 0 0 0
1364242190926599151145303293296640 2193779290580150433133067669340160 0 0 0 0 0
1363775216770575606048878527250432 0 0 0 0 0 0
1365201299600485135101931399675904 0 0 0 0 0 0
1366780316452059190809678411988992 0 0 0 0 0 0
1364250514502969079194816184582144 0 0 0 0 0 0
1610169231695874912441403151745024 0 0 0 0 0 0
1364245577250400523704054677766144 2015814613951410603971349013594112 1362115069144330532020055175069696 0 0 0 0
1362834323339471880066607892922368 1062559646647771742939392061210624 0 0 0 0 0
1607164071652717579627883306942464 0 0 0 0 0 0
2011853205825697387091671816077312 1364250547144440059528197315756032 0 0 0 0 0
1363775178244418598594202493255680 0 0 0 0 0 0
1364254276552985047995177792176128 2011950718055283286574786016182272 1367490893755394757332160460357632 0 0 0 0
1366780316172844949054368363053056 2015818042738928828301614082162688 997957935029673596328279598432256 0 0 0 0
1364250547143946320893849433538560 816617441235317801865123622551552 1362109544230828624619340877004800 1017311320516942381778448865558528 1362109544230830065771221635563520 0 0
1607173976495885061914318017134592 1001081964202478458579223884857344 2011869027184177905483684119576576 0 0 0 0
1610169231416669894058129957584896 2011148543517179206199541583839232 0 0 0 0 0
1367508783718887656369997811286016 0 0 0 0 0 0
1367508783718887656369997811286016 2011950718055114095343984961388544 816638145171680210431756380143616 0 0 0 0
1364242190926399119264254005346304 0 0 0 0 0 0
2011871489893690494749749494677504 0 0 0 0 0 0
1364253931078600917384291441180672 1362112283652067403966521486082048 1243498819473111719575831256760320 0 0 0 0
1364250547144440059528197315756032 0 0 0 0 0 0
1365201252425504146319760286547968 996373371779388309576408719425536 0 0 0 0 0
1588616340092208234340763977121792 1021976542285243798394557224189952 997110665650486443021593642795008 1039723640894251068659054971715584 0 0 0
1367508783718887656369997811286016 2011950717776995417248427568791552 816638145449983355968050868256768 0 0 0 0
1364244943829937425820169812312064 1243498819468389353092961611546624 1367490893802140824427573526134784 0 0 0 0
1364253990080972141055006568611840 1587348696566068567146555156463616 0 0 0 0 0
2011871489892786604290137726648320 2015832897792726661687169901395968 0 0 0 0 0
1364248690106880118724066063417344 2015814613951410603971349013594112 817568218022189135631666389188608 0 0 0 0
1364250547143946897354601736962048 1605589412074251990838597382045696 837858635272168805435605468053504 0 0 0 0
1364260429055802818528662509322240 0 0 0 0 0 0
1365205275730631823805653708701696 1347683814441207345182035461275648 0 0 0 0 0
2011871489892602136849400631132160 2015832838312690835285801217032192 0 0 0 0 0
1367508783718883332914355535609856 1367490893797420763787713094615040 2011148543517182953194431556091904 0 0 0 0
1365113700714644016945132480757760 997110613746975308890961036181504 0 0 0 0 0
1364242190926398254573125550211072 0 0 0 0 0 0
1607164072913384498756634711949312 1364250547144110900438632060944384 649037107316853453566312041152512 0 0 0 0
1607639440684266631650436446158848 817568179100979539398188114903040 0 0 0 0 0
1366780316450968527066320334749696 993838070578931850773415313014784 0 0 0 0 0
1367498901656414069834098549981184 2011871489893686171294107219001344 0 0 0 0 0
1364242183851814512579609026887680 2193779350788489656298343105560576 0 0 0 0 0
1367508783718887656369997811286016 997117125172537033991450940932096 2011148543517178629738789280415744 0 0 0 0
1364250514502966196891054667464704 0 0 0 0 0 0
1365131938843459726242191492775936 0 0 0 0 0 0
1363775178169248692954588373843968 0 0 0 0 0 0
1364242183851814512579609026887680 997031696278876300858981840060416 1242556056853423095840142327283712 1362982863959408382896626768805888 0 0 0
1366780316450970832909329548443648 1243498819463293872388163575480320 0 0 0 0 0
1607634523897955662261929302294528 999179831882850695626585343524864 2011944179957996274568341535850496 0 0 0 0
1610169231695879235897045427421184 0 0 0 0 0 0
1367508783718887656369997811286016 0 0 0 0 0 0
1588616340092208234340763977121792 1001694132653756711739322638794752 1605589472288557294559837099655168 0 0 0 0
1607164071704458679142005537243136 1605579508274723466041088140115968 0 0 0 0 0
1607639477046160831809020095365120 0 0 0 0 0 0
1362121268667917681413636822663168 2015832897786174320546113038319616 0 0 0 0 0
1364250547144442941831958832873472 0 0 0 0 0 0
1364253918839144719303838097473536 2011861596979807873468259631104000 1020312730377391726049342055776256 1423038740804434644754672774021120 0 0 0
1364242190926603474600945568972800 2238921118504344023831392301350912 0 0 0 0 0
1364250547016939046794478412103680 0 0 0 0 0 0
1364250547143946897354601736962048 0 0 0 0 0 0
1364260429055802818528662509322240 0 0 0 0 0 0
1607164071704458679142005537243136 1605579508274725483653721202098176 836887080638174198000604747399168 0 0 0 0
1367498880046754363758159794798592 1367490855069659866812217674432512 1367490855121218516498235871199232 0 0 0 0
1364250514502968214503687729446912 836432497041846137980489169895424 837779385448378251030448478093312 0 0 0 0
1364244943772791430292450683387904 1362111348122402316470091480301568 2012029946218719023424936582578176 816617440917955116904629917450240 0 0 0
1365201252453137368942177194868736 1362190614890739887769941880864768 1243498795369062527265804008816640 0 0 0 0
1364254260836949104774622369284096 0 0 0 0 0 0
1365528079707972755786083034202112 2238921118504344023831392301350912 0 0 0 0 0
1364242190898062038063274616946688 1605582973099218399180130636267520 993838070578931850773415313014784 0 0 0 0
1366780316451155300350066643959808 999146357467387561392182757687296 0 0 0 0 0
1367508783718887656369997811286016 2015814599759629411791789992443904 0 0 0 0 0
1367508783718887656369997811286016 997117125173623374279166742495232 839434842747832527202849417854976 0 0 0 0
1587348709864640829224152433950720 0 0 0 0 0 0
1367498869167286966585328509386752 1605577687442305652938065166991360 0 0 0 0 0
1367508783718887656369997811286016 2011950718056204759087343038627840 0 0 0 0 0
1365211167005973990579785036726272 993838070578931850773415313014784 0 0 0 0 0
1364242183851814512579609026887680 2011853514096356604912559999418368 0 0 0 0 0
1364250547144444959444591894855680 0 0 0 0 0 0
1364242183851814512579609026887680 839453080091968131082231467737088 0 0 0 0 0
2011950718055281845422905257623552 2011929862407542871892654267826176 0 0 0 0 0
1364246181712831580363854037647360 1364250525355446007484048878862336 1362816084001140343574937152258048 1364245562742811072982588132950016 1243498780918468615815705399394304 0 0
1589887144874498488914650041679872 2011146651548128547038311919648768 0 0 0 0 0
1365201252425504146319760286547968 0 0 0 0 0 0
1364245577250400523704054677766144 1364242183851813647888480571752448 1039731993415401502273890345287680 0 0 0 0
1364250547017160407723362926723072 0 0 0 0 0 0
1607631106207886551059007470043136 999161905779497255012617057992704 839438595212145223822256052895744 837779390284082250064905556197376 2012249680367908053177466787725312 0 0
1364250547201113357239027637420032 0 0 0 0 0 0
1364250547144444959444591894855680 0 0 0 0 0 0
1364253931078600917384291441180672 1364254229410302578703815193657344 839438285727136123053127707394048 0 0 0 0
1364250547016939046794478412103680 0 0 0 0 0 0
1589886835389320341029908717240320 2011862394675401818667672265555968 0 0 0 0 0
1364250547201702211897505584513024 1605583243982534678392444230303744 1362190614752550427997389050609664 0 0 0 0
1364250547144442941831958832873472 0 0 0 0 0 0
1366780316172844949054368363053056 839434842432500281127156446134272 0 0 0 0 0
1364242190926987109231603497304064 2011865180040490210773290788585472 0 0 0 0 0
2011950731353467302335706937950208 0 0 0 0 0 0
1364254276552985047995177792176128 2011871489892602136849400631132160 836436160978864498235472741400576 0 0 0 0
1358921443444661918404465836163072 0 0 0 0 0 0
2011950718055280980731776802488320 0 0 0 0 0 0
1607167465079175468126199483465728 2015832898018477627430851242360832 0 0 0 0 0
1364250514502968214503687729446912 0 0 0 0 0 0
1589886835389321782181789475799040 2236798386124600906587919813181440 0 0 0 0 0
1607631106292504071968122396999680 839438285448142665765949869654016 1022945507182380650833958611714048 2012091224033434791536540409397248 1077503010193994991272197724569600 0 0
1365113693639469979141257251782656 0 0 0 0 0 0
1364242190926599151145303293296640 816153801334368681858835324862464 1367490855389650636342462687215616 0 0 0 0
1363775178169358796958278327730176 0 0 0 0 0 0
2011950718055281845422905257623552 2011919958887228588850455074832384 0 0 0 0 0
1364245577250400523704054677766144 1242556056853423095840142327283712 1362982896543939452421237244952576 0 0 0 0
1364250547144334278980149637545984 0 0 0 0 0 0
1366780316452059190809678411988992 816153801409615256778505799598080 2015817708801209346061214632902656 1602310358688481963491832851595264 0 0 0
1364250525383780206381266750144512 0 0 0 0 0 0
1364250547144444959444591894855680 0 0 0 0 0 0
1365201252425504146319760286547968 2015814638402901338605934149107712 1243498819473111719575831256760320 0 0 0 0
1364242190926619615502010064830464 2015832897740194369790511222358016 0 0 0 0 0
1364253931078600917384291441180672 2011864919229672944789071952084992 2015836302122225445132637411737600 0 0 0 0
1365122024262989881982166742597632 1021994827440468257976309482782720 0 0 0 0 0
1361715164628319200339844434755584 0 0 0 0 0 0
1366780316504005222121244509339648 0 0 0 0 0 0
1362824432965633283680133055512576 0 0 0 0 0 0
1364254260836949104774622369284096 1243498780938246407766483555844096 837858635082033314351486540447744 0 0 0 0
1364242205434096944607153593778176 0 0 0 0 0 0
1364242191242317193579475331186688 0 0 0 0 0 0
1364250547116108742934740961591296 0 0 0 0 0 0
1364254276552985047995177792176128 1364255498903361269196358372294656 0 0 0 0 0
1364242183851814512579609026887680 1363062104154992060931992765595648 836907897364000869640319589679104 1060003489798656855706223704539136 0 0 0
1367508783718887656369997811286016 2011148543517182953194431556091904 0 0 0 0 0
1427627545263014202081520165847040 1243498794160136275305610606542848 2011148543517182953194431556091904 0 0 0 0
1610169231694788572153687350181888 2011950718055114095343984961388544 0 0 0 0 0
2011853191313162767806570352869376 1362111355196982599699094183084032 837858635399672700473085888823296 839453141006677284077396847230976 0 0 0
1364244955862527224172025816809472 1364245897615740703968152912920576 1060006356399134317904812312625152 1365180468283288801074355808239616 0 0 0
1366780316450968527066320334749696 993838070578931850773415313014784 0 0 0 0 0
1364250547144444959444591894855680 2011871489893690494749749494677504 1364250547144444959444591894855680 0 0 0 0
1364250547144444959444591894855680 1365180468283288801074355808239616 0 0 0 0 0
1367508783718887656369997811286016 2011950646578627371613414194413568 649037107316853453566312041152512 0 0 0 0
1607164071704458679142005537243136 1605579508274723466041088140115968 0 0 0 0 0
1364242190926504035121173228421120 0 0 0 0 0 0
1607167465079175468126199483465728 1000030320773740055625394804490240 0 0 0 0 0
1364242190926396236960492488228864 0 0 0 0 0 0
1364250547144444959444591894855680 1364229730333117629023233280835584 0 0 0 0 0
1364244955862529241784658878791680 1362182258701247301572697163563008 0 0 0 0 0
1366780625937069012154747136770048 2234977936068576979506254395211776 0 0 0 0 0
1364250547144444959444591894855680 0 0 0 0 0 0
1364250547144444959444591894855680 1358921443444661918404465836163072 0 0 0 0 0
1427627545263009878625877890170880 0 0 0 0 0 0
1607164071703962634664648441331712 837779386657304791221018032078848 2015832898018477915661227394072576 0 0 0 0
1364250560315125080168032395853824 2011158436194552086486735162179584 816855093095827794661902743764992 1602310358688481963491832851595264 0 0 0
1364254179648893515283662538539008 0 0 0 0 0 0
1607164072913384498756634711949312 1364250525260996660214022912606208 0 0 0 0 0
2011871418467302822080364656197632 836899534156870937441792417595392 993838070578931850773415313014784 0 0 0 0
1364242190926287574108683292901376 1605583244133816426540936263106560 2015832898018477050970098938937344 836896984158488481042803940392960 0 0 0
1365113700714053144674021471682560 1364250547144443518292711136296960 0 0 0 0 0
1367498879919359996263617024491520 1367490855125940882981105516412928 836902294079082057625315703783424 2193769391616330086710469705334784 1367490855116717510944250740604928 0 0
1364250547144444959444591894855680 0 0 0 0 0 0
1364250547196388973143524930224128 1587348689491982887243028791033856 2015832837339883339814654303010816 0 0 0 0
1365113700714644305175508632469504 840306390943565951251478078291968 1243495914181693061572871493517312 0 0 0 0
1364250514559636612298123472011264 0 0 0 0 0 0
1366780316452054867354036136312832 1605577687442305652938065166991360 0 0 0 0 0
1364242190926398254573125550211072 0 0 0 0 0 0
1364245577250400523704054677766144 1242556056853423095840142327283712 1362982896543938011269356486393856 0 0 0 0
1364242190926619615502010064830464 834778618972974250391008289226752 839437976242121257676476327657472 0 0 0 0
1589887131629382008858901527658496 997117112904546461017542362136576 0 0 0 0 0
1364250514502966196891054667464704 0 0 0 0 0 0
1366780316452054867354036136312832 0 0 0 0 0 0
1364254260936445077700688656465920 0 0 0 0 0 0
1365113700714644016945132480757760 0 0 0 0 0 0
1362824440218874606718655041372160 0 0 0 0 0 0
1364250547218761991401173099216896 0 0 0 0 0 0
2011871489892786604290137726648320 2015832841199890189741855481004032 1082827451958178212180626767872000 0 0 0 0
1367498869138196451181088546488320 2190500237194380405786303138889728 0 0 0 0 0
1364250514475332974268637759143936 0 0 0 0 0 0
1363775178018441660235618210283520 0 0 0 0 0 0
1364244976413954580584101786419200 1059539033986970606249027638919168 1362190595448810400415200602750976 816617441150094708935713949220864 1602310358688481963491832851595264 0 0
1364250547143946320893849433538560 0 0 0 0 0 0
1364253990080972141055006568611840 1362190583690652813647921597644800 0 0 0 0 0
1364250547143946897354601736962048 0 0 0 0 0 0
1347691861175103443459741333848064 0 0 0 0 0 0
1365122024262989881982166742597632 2011861514894564909993315979493376 0 0 0 0 0
1607164071704460696754638599225344 820423147020743810231991068000256 0 0 0 0 0
1362834323339471880066607892922368 2012109174381233287762530126528512 0 0 0 0 0
1365211167005973990579785036726272 0 0 0 0 0 0
1365205275730705610781948546908160 2015814599759629411791789992443904 1367478084996202466864568582799360 0 0 0 0
1367498869167286966585328509386752 1362901811344142524901370395361280 1001712417836816587552362231496704 0 0 0 0
1367498869167286966585328509386752 816638145450885949390969953583104 1367490894033700208711464162164736 0 0 0 0
1365201252425504146319760286547968 0 0 0 0 0 0
1365113700714053144674021471682560 2015814614224385522774102958407680 2011853539762209760516747896553472 0 0 0 0
1585216048935639276585005634027520 1021994827440468257976309482782720 0 0 0 0 0
1364242190926987109231603497304064 2011840730724714324512861530882048 0 0 0 0 0
1610169231416669894058129957584896 2190500237194380405786303138889728 0 0 0 0 0
1607639441893192451265065620865024 1607631106349188610663622635421696 1362115069144109171091170660450304 0 0 0 0
1607633891530803668599492896096256 836899555738563361889354430545920 0 0 0 0 0
1367652135445403879952285331095552 2238942736516346417107651493101568 2011938932977967440455352088264704 0 0 0 0
1607639429799211888635904228589568 836920554902335696190560832323584 2015817353550954170383125390032896 0 0 0 0
1364250514559634594685490410029056 0 0 0 0 0 0
1364245887944336164663752577253376 1364244995756749247674094872166400 1364250530274911050864886072475648 0 0 0 0
1347701743090321571971611823702016 0 0 0 0 0 0
1610169231416669894058129957584896 2015817385123954281630982631063552 0 0 0 0 0
1364250560315125080168032395853824 2011158436194552086486735162179584 817488918354139569678992189423616 836436160978864498235472741400576 0 0 0
1362913550293060324789572262166528 1423037811060917112763047370293248 1018171019991125285456832498761728 0 0 0 0
1364242190926396236960492488228864 1358921443444661918404465836163072 0 0 0 0 0
1607164071704458679142005537243136 1605579508274723466041088140115968 1362111355323247680579874546778112 0 0 0 0
2011871418471547590829950915051520 1042277165621982933203169264533504 2011853205947401798730603644846080 0 0 0 0
1367651826291658671070259672252416 1605592805376842010494586981449728 0 0 0 0 0
1364242183851814800809985178599424 1362109544230829201080093180428288 1364250526465200113345782442098688 1364250514475332974268637759143936 0 0 0
1366780316452054867354036136312832 0 0 0 0 0 0
1605510183911737726501003838095360 2015832897786174320546113038319616 0 0 0 0 0
1367508783718883332914355535609856 999179831882850695626585343524864 1367490894033702802784849527570432 0 0 0 0
1587348689491984328394909549592576 649037107316853453566312041152512 0 0 0 0 0
1691298870110485917592834432565248 0 0 0 0 0 0
1365122024262989881982166742597632 839453069528797831169261009108992 0 0 0 0 0
1367498880046863891301097445261312 1362974540642088964177978627981312 1362895312479574699840385084030976 836920505019234903268027023753216 0 0 0
1365523149187190944245588846182400 0 0 0 0 0 0
1587348689491984328394909549592576 0 0 0 0 0 0
1367508783718887656369997811286016 0 0 0 0 0 0
1365201252425504146319760286547968 1000117891733813510597770609688576 817568179058481267471310900953088 836899555738563361889354430545920 0 0 0
1364250547143947762045730192097280 0 0 0 0 0 0
1364253931078600917384291441180672 1362200496730667630344966835798016 2016704348341778729436040812036096 0 0 0 0
1610169231694788572153687350181888 839437546604111902711965668081664 0 0 0 0 0
1366780316452059190809678411988992 2015832898018514520918998661464064 0 0 0 0 0
1364250547143946897354601736962048 0 0 0 0 0 0
1364242190926599151145303293296640 816153801334368681858835324862464 2190500237194380405786303138889728 0 0 0 0
1366780316452059190809678411988992 0 0 0 0 0 0
1367508783718887656369997811286016 1367490822557031611613541665079296 0 0 0 0 0
1362824440219077520903465846439936 0 0 0 0 0 0
1365113700714053144674021471682560 1243815706683186058556613760909312 0 0 0 0 0
1365201263305617179535171406266368 1362190593083075136649814012329984 817576194515653725718334385684480 1243486010661378778530672300523520 0 0 0
1364250547144444959444591894855680 0 0 0 0 0 0
1364250514502966196891054667464704 0 0 0 0 0 0
1365122024262989881982166742597632 1689790703622923793447719601700864 0 0 0 0 0
1610169231694788572153687350181888 2011148543517179206199541583839232 0 0 0 0 0
1364250547116327221559863959093248 0 0 0 0 0 0
1364245904869002491363381670313984 1362109544230828624619340877004800 1017311320516942381778448865558528 1363053782995792107272139425447936 1362188772349601335302526798397440 0 0
1364250546826805573322992546480128 0 0 0 0 0 0
1365211167005973990579785036726272 0 0 0 0 0 0
1364244976413954580584101786419200 816617124553218546441904787030016 1362115069144290756228146238849024 1363775178041745662608236408209408 0 0 0
1367498869167286966585328509386752 2193769457917111792127193869451264 0 0 0 0 0
1364254260836949104774622369284096 2011861514866929669758266009190400 0 0 0 0 0
1364242190926399119264254005346304 0 0 0 0 0 0
1364242190926400560416134763905024 0 0 0 0 0 0
1485946780360744609756933697568768 0 0 0 0 0 0
1364250547017160407723362926723072 0 0 0 0 0 0
1364250547144666320373476409475072 0 0 0 0 0 0
1610169231416669894058129957584896 2011148543517179206199541583839232 0 0 0 0 0
1364250585745661192074439790952448 0 0 0 0 0 0
1425089423363632662598864670294016 1423037892978348316017198320582656 0 0 0 0 0
1364248690234276215600865743994880 0 0 0 0 0 0
1365113700714053144674021471682560 1361456744645118377207459242573824 0 0 0 0 0
1366780316450968527066320334749696 999146357467387561392182757687296 0 0 0 0 0
1364242183851814512579609026887680 1362903668381369847851422572347392 1364244976333987945024570880163840 1358921443444661918404465836163072 0 0 0
1364254276552985047995177792176128 1019441220589737556524386513584128 1362901825661113986889040047112192 0 0 0 0
2011871489893690494749749494677504 2011950646634064161010553672695808 0 0 0 0 0
1364253918838553847032727088398336 1362111436199626217510309338284032 0 0 0 0 0
1367498901489890411164327848443904 0 0 0 0 0 0
1364242183851814512579609026887680 816153801131197107322126778499072 837137573884909425596165332664320 0 0 0 0
1607164060772071608446967672209408 2011865261413416763527958531932160 1364250527483992459488925751181312 0 0 0 0
1364244357415916063028256438222848 0 0 0 0 0 0
1365122024262989881982166742597632 1362190582277595324113622524755968 0 0 0 0 0
1607164072913384498756634711949312 1364250547144443518292711136296960 1014120480182583521197362564300800 0 0 0 0
2011853191313270565967251093061632 816617131627305091036559607595008 1362109544231032115264903985496064 0 0 0 0
1610169541179799258189884530098176 836907864865761795395077409865728 2011152176612078352109311348441088 0 0 0 0
1607164060922968280812921018122240 1021994827440468257976309482782720 0 0 0 0 0
1364250547144444959444591894855680 1364250547144440059528197315756032 0 0 0 0 0
1585221335333052464418589841031168 2015832898018494921253420345065472 0 0 0 0 0
1364250514503445812236971115806720 0 0 0 0 0 0
1610169231696082150081856232488960 0 0 0 0 0 0
1367506638904439690863546686504960 0 0 0 0 0 0
1364244976414268175233354848796672 0 0 0 0 0 0
1364242190926398254573125550211072 0 0 0 0 0 0
1606302465536880369876939277598720 816617441107980792215435042881536 839453140775320525747940864557056 0 0 0 0
1364242190925900192483135392317440 0 0 0 0 0 0
1364242190925900192483135392317440 817586107707378889133209252003840 840309486081729240733154063417344 0 0 0 0
1366780316450971697600458003578880 837782811723070909576833115619328 0 0 0 0 0
1364248689916746645252580197793792 0 0 0 0 0 0
1610169231695874912441403151745024 2011950717776995417248427568791552 0 0 0 0 0
1364254260836949104774622369284096 2011152207765917421225908723777536 2015817353650306316351491973054464 0 0 0 0
1607164071803319104088657300029440 1243498819473111719575831256760320 0 0 0 0 0
1364250547144444959444591894855680 0 0 0 0 0 0
1364244969160215195455589642665984 2015832898018495497714172648488960 1605579530219225588239241159114752 0 0 0 0
1364250547295230951346102983458816 0 0 0 0 0 0
1607164071704458679142005537243136 837773793876938579290634835722240 0 0 0 0 0
1365205275730705610781948546908160 2015832826617219031875877240569856 1243815660928177206032621285408768 2015817303615908787300906242670592 0 0 0
1588616340092208234340763977121792 819170731167247113123450203406336 1362109544231418343968947279233024 0 0 0 0
1364242190926399119264254005346304 0 0 0 0 0 0
1364242190926396236960492488228864 0 0 0 0 0 0
1367508783718887656369997811286016 999179831882850695626585343524864 1367490893755399657248555039457280 0 0 0 0
1584821790185373107934866148687872 0 0 0 0 0 0
1366780316452059190809678411988992 1605577687442305652938065166991360 0 0 0 0 0
1425089423363632950829240822005760 2314729996016746887132980053016576 0 0 0 0 0
1365122024262989881982166742597632 836899534156870937441792417595392 0 0 0 0 0
1364255498904898113561999299313664 837858554084003400171331835133952 0 0 0 0 0
1364250514502968214503687729446912 0 0 0 0 0 0
1365205275730631823805653708701696 1242556138966301011319759797485568 816638145450885949390969953583104 0 0 0 0
