22310479062844200 22310479046066984 22310363364281896 27920325633336164 13837642274646340 11346037708050216 18903143899408464 11614361695027200 0 0 0 0 0 0
18967887412945764 13866113965173070 27921425144963940 14073748835532800 0 0 0 0 0 0 0 0 0 0
18932663644142916 18932779156973884 18932663545964800 0 0 0 0 0 0 0 0 0 0 0
27920325633323620 11368061867352932 14464291879215924 27924723679847268 15027452282942208 0 0 0 0 0 0 0 0 0
27920325634384688 0 0 0 0 0 0 0 0 0 0 0 0 0
27921425144951156 27987395003757088 0 0 0 0 0 0 0 0 0 0 0 0
18977996725773096 18977748452664104 18977748453239140 14182773416536420 27975300390546432 0 0 0 0 0 0 0 0 0
18932702015341380 14429064018486068 27975047472309092 27922321817940548 18932702497472512 0 0 0 0 0 0 0 0 0
18977859334652712 18977747916630084 30444666084340036 18903092511589168 14119117435122728 18977747916630084 30444667036237824 0 0 0 0 0 0 0
18946110955676468 22310479062852400 27920187653640036 13901552375972648 17257012219044660 27975103308572996 11332843468955648 0 0 0 0 0 0 0
22303881958736708 22008924253192192 0 0 0 0 0 0 0 0 0 0 0 0
18977996725773156 14183027355902770 27919898764115968 0 0 0 0 0 0 0 0 0 0 0
18932779609572096 0 0 0 0 0 0 0 0 0 0 0 0 0
18932779306205992 17257012404637252 13859684064899684 27975301211488256 0 0 0 0 0 0 0 0 0 0
18932779609965380 18932779609965380 0 0 0 0 0 0 0 0 0 0 0 0
18932663644144492 0 0 0 0 0 0 0 0 0 0 0 0 0
18932779156973892 22236523160141824 0 0 0 0 0 0 0 0 0 0 0 0
21993820517393252 27975300369350656 0 0 0 0 0 0 0 0 0 0 0 0
18932831365905748 11584794941139280 27920325629461288 31071272736729412 11332843565219840 0 0 0 0 0 0 0 0 0
18932779609965380 18932779156973904 0 0 0 0 0 0 0 0 0 0 0 0
18977996725773156 11368023649429860 13837779882682436 30444804330694724 30444803506531360 0 0 0 0 0 0 0 0 0
22304019416051272 26286236067119972 13901298337261934 14147636286407492 18914898532630528 0 0 0 0 0 0 0 0 0
18932831365905748 11584794941139284 18950371791601664 0 0 0 0 0 0 0 0 0 0 0
18932831685272420 27910339293625680 11614319085302016 0 0 0 0 0 0 0 0 0 0 0
18932826401620776 27920324643480360 27910338861281616 11326409272020776 18903105242940968 19748664029040424 17256834997944320 0 0 0 0 0 0 0
18932779609965380 22236523160141824 0 0 0 0 0 0 0 0 0 0 0 0
18979981835648336 11661593249669938 31071491781582180 14182811968667648 0 0 0 0 0 0 0 0 0 0
18932779609960744 18932667939044688 11626524390018856 22028926944477184 0 0 0 0 0 0 0 0 0 0
18977859133729832 17243814321283940 27910292736926564 13837779882697572 11333130898334514 0 0 0 0 0 0 0 0 0
18932779609965380 18903067225837380 0 0 0 0 0 0 0 0 0 0 0 0
18932916749034340 11332954804675376 0 0 0 0 0 0 0 0 0 0 0 0
18932831365905748 11584794941139284 18950371343018280 18904191179161600 0 0 0 0 0 0 0 0 0 0
18945973296123688 22064111955436388 11346148924935976 22064116250403684 11332844105378148 13792273858822144 0 0 0 0 0 0 0 0
18977859133326120 18977570695413760 0 0 0 0 0 0 0 0 0 0 0 0
18967887211619172 14182812070654820 27975301211566592 0 0 0 0 0 0 0 0 0 0 0
18932779609963856 0 0 0 0 0 0 0 0 0 0 0 0 0
21999454678901604 27975085493269092 27975301211488256 0 0 0 0 0 0 0 0 0 0 0
18944758272049960 17257012488520516 18946110888567652 27975084798902272 0 0 0 0 0 0 0 0 0 0
18932779812137020 23407676172223300 11632022399761744 11626447533982532 18912987272183808 0 0 0 0 0 0 0 0 0
18932779609965380 20547673299877888 0 0 0 0 0 0 0 0 0 0 0 0
27920324641385512 27975301211448112 27975301214712320 0 0 0 0 0 0 0 0 0 0 0
22310479330491716 0 0 0 0 0 0 0 0 0 0 0 0 0
22303881976234792 17257012218898500 18932701864339516 22281938983190528 0 0 0 0 0 0 0 0 0 0
18932663644144432 18932779156973892 18913039348662272 0 0 0 0 0 0 0 0 0 0 0
18932663644147524 17256834997944320 0 0 0 0 0 0 0 0 0 0 0 0
18932779609965352 18904242718769152 0 0 0 0 0 0 0 0 0 0 0 0
18932663545964880 27920325633321024 32133654187671552 0 0 0 0 0 0 0 0 0 0 0
27920325633336164 13913436738249512 22000554037375528 27921171103033600 0 0 0 0 0 0 0 0 0 0
18945973296123688 18912962629092136 22028888288995396 13901341925794660 27921333958299432 17257012218314064 11627623918804992 0 0 0 0 0 0 0
27921424152996196 27920372874101544 27975300375851552 0 0 0 0 0 0 0 0 0 0 0
18932779609965380 9925291463933952 0 0 0 0 0 0 0 0 0 0 0 0
18932779306205992 17257012404627516 22281939271630160 11614357100380996 18932706003910656 0 0 0 0 0 0 0 0 0
27920325633323620 11368061867352932 14464300469150564 27923624168206900 0 0 0 0 0 0 0 0 0 0
18932779156973936 13901298337261916 31041813370913576 27910288542622512 17256972436897792 0 0 0 0 0 0 0 0 0
18977996725773156 27910429187730472 27921424153013288 27910292736926564 11333130898321988 30434481856839680 0 0 0 0 0 0 0 0
18967887211619172 27920238066532352 0 0 0 0 0 0 0 0 0 0 0 0
18932663644144452 18903092358038312 18858823439613952 0 0 0 0 0 0 0 0 0 0 0
18967887211619112 18904329463489380 27975085637763072 0 0 0 0 0 0 0 0 0 0 0
18967887211606628 14464502332613428 27975300392629348 27975301211436032 0 0 0 0 0 0 0 0 0 0
18932779608194384 11614141324197888 0 0 0 0 0 0 0 0 0 0 0 0
18977996725773096 18977748452655980 11649499159151468 11649542108234604 11649498626140516 27910292736926512 18977708134367232 0 0 0 0 0 0 0
18932779811285052 22281892023762944 0 0 0 0 0 0 0 0 0 0 0 0
18932710638830376 22281891724412456 18903092796011068 18932663545964868 17243929446597416 18915187422154536 18916171171054376 17257012220854272 0 0 0 0 0 0
22064111955436328 22282030002798592 0 0 0 0 0 0 0 0 0 0 0 0
22303881807752752 27975348456082984 17257012120201550 18967891506586468 27920998275743744 0 0 0 0 0 0 0 0 0
22310414805313604 13866230027404100 13837779882697572 11333130898334514 11614314151487844 14464502332613428 18916261362663424 0 0 0 0 0 0 0
18932827390307940 11333130899055400 31016300912853828 11614429087006720 0 0 0 0 0 0 0 0 0 0
22028888289782116 13901599623835184 0 0 0 0 0 0 0 0 0 0 0 0
18932779156927016 11332954802563132 22281939271044648 17256834997944320 0 0 0 0 0 0 0 0 0 0
18977996725773156 27975086463148900 27975300390546464 0 0 0 0 0 0 0 0 0 0 0
22303881975516712 22022407819715428 27910480725626408 17257012120201540 11326409273127456 0 0 0 0 0 0 0 0 0
18977996742550372 11346286517379940 11368276746128936 17257012120201572 11333130898321920 0 0 0 0 0 0 0 0 0
18932701847562564 14147705004697668 11614314151487812 14073748835532800 0 0 0 0 0 0 0 0 0 0
22303881959457576 17257012404627516 22281891724411716 17243818616251236 27975300369350656 0 0 0 0 0 0 0 0 0
18932779609958460 22281943567761408 0 0 0 0 0 0 0 0 0 0 0 0
18932663644144452 22310363266492740 0 0 0 0 0 0 0 0 0 0 0 0
22303881959450692 22310363266492740 18932779608261416 17257012218318384 11584880557384548 27975089788236644 27975301211553792 0 0 0 0 0 0 0
18977996725773156 27910429186024240 27975047275358564 27975090225029120 0 0 0 0 0 0 0 0 0 0
18932779596251136 0 0 0 0 0 0 0 0 0 0 0 0 0
18932779608785744 18903093516329840 27987184412282672 11649546407076648 18977748456518468 30399297484750848 0 0 0 0 0 0 0 0
18946029130699560 11346148943151940 11326409273124932 11614404642603008 0 0 0 0 0 0 0 0 0 0
18967887396171364 14195121984529200 14073748835532800 0 0 0 0 0 0 0 0 0 0 0
22028888290044240 0 0 0 0 0 0 0 0 0 0 0 0 0
18967887211619112 18904330282270720 0 0 0 0 0 0 0 0 0 0 0 0
18932916749034340 27975085927366656 0 0 0 0 0 0 0 0 0 0 0 0
18977859133729832 11333130896222276 30444550391343428 30399297484750848 0 0 0 0 0 0 0 0 0 0
18932663644144424 18903067225837380 11332817982677808 27975301210853220 14183027355902770 11649536844051300 27975047473997896 11617617620185856 0 0 0 0 0 0
18932779792743760 11607883556847616 0 0 0 0 0 0 0 0 0 0 0 0
18932663644144432 18932779156973892 18912962827780096 0 0 0 0 0 0 0 0 0 0 0
18932826571485540 27910292736926564 27920234898275664 11649546407076718 27921217855946752 0 0 0 0 0 0 0 0 0
22303929051991848 27920324641385512 27910292736926564 27919898764115968 0 0 0 0 0 0 0 0 0 0
18932779608195880 18912872436546884 11614314151487822 18903067292945988 13859683907403776 0 0 0 0 0 0 0 0 0
27920325633323620 11368061867340644 27975300426195812 27921424336551936 0 0 0 0 0 0 0 0 0 0
18932779811285060 11614141324197888 0 0 0 0 0 0 0 0 0 0 0 0
18967887211604036 11649542112109412 27921424299589632 0 0 0 0 0 0 0 0 0 0 0
18932779156587304 18932668476515172 27910343156261680 11649542112109352 22282030002872320 0 0 0 0 0 0 0 0 0
27920071689195048 27910292736926504 18897642048399428 30444803338759208 27910292736913664 0 0 0 0 0 0 0 0 0
18977996725773156 11333130898319460 13837779882697572 11333130898319428 30444803502112768 0 0 0 0 0 0 0 0 0
18913039939101488 27975301214712352 0 0 0 0 0 0 0 0 0 0 0 0
18932663644152624 27975301214712064 0 0 0 0 0 0 0 0 0 0 0 0
18932702015341380 14429064018477876 17243929296326440 18932779340546856 18914087912288580 11326409272413952 0 0 0 0 0 0 0 0
27921171205597540 11333130898319428 30444803492569956 31071311206950980 30444514900443136 0 0 0 0 0 0 0 0 0
18913039938506536 18903143899408464 11614353102995456 0 0 0 0 0 0 0 0 0 0 0
18977859589373952 0 0 0 0 0 0 0 0 0 0 0 0 0
18932916749034340 27921425144963940 13847249440210944 0 0 0 0 0 0 0 0 0 0 0
18945973649604608 0 0 0 0 0 0 0 0 0 0 0 0 0
22345586932147044 27920234446671656 17256834997944320 0 0 0 0 0 0 0 0 0 0 0
18967887211097672 26286197312530780 31041813371501904 9007199254740992 0 0 0 0 0 0 0 0 0 0
18932663644144384 0 0 0 0 0 0 0 0 0 0 0 0 0
22310479029289768 18903143899410768 11661636740735796 27910343156982640 27921217319075840 0 0 0 0 0 0 0 0 0
22345586928273704 27975047270583848 27975086023639040 0 0 0 0 0 0 0 0 0 0 0
22345586932146984 18977748456517956 11326409273140018 27975300224869168 18977748100332880 11607883556847616 0 0 0 0 0 0 0 0
18932779609948160 0 0 0 0 0 0 0 0 0 0 0 0 0
27920325633336164 13879135277416448 0 0 0 0 0 0 0 0 0 0 0 0
22064120545370928 27975086466360164 27920325630124852 9007199254740992 0 0 0 0 0 0 0 0 0 0
18979981840245552 31006516360456252 22281995829140836 11326409274503474 9007199254740992 0 0 0 0 0 0 0 0 0
27920325633323620 31071525955330864 0 0 0 0 0 0 0 0 0 0 0 0
18946029130699560 11346148943151940 11326409273124932 11332843567932208 27975300222774312 27975084798902272 0 0 0 0 0 0 0 0
18932779609965412 13901552379192112 0 0 0 0 0 0 0 0 0 0 0 0
18977996725773156 27975086463148900 27975300386127872 0 0 0 0 0 0 0 0 0 0 0
18932779608194372 11614141324197888 0 0 0 0 0 0 0 0 0 0 0 0
18932663644144424 18904191854651716 0 0 0 0 0 0 0 0 0 0 0 0
18977996725773096 18977748452655980 11649498626140516 13866404994351104 0 0 0 0 0 0 0 0 0 0
22345586932147044 11368061865961532 22281866455285760 0 0 0 0 0 0 0 0 0 0 0
18932779609965380 18932753835753472 0 0 0 0 0 0 0 0 0 0 0 0
18932663545964880 18932663646634792 17257012218384196 11326409272393728 0 0 0 0 0 0 0 0 0 0
18932779612057956 11332844293138542 27920238759520324 11614278763151360 0 0 0 0 0 0 0 0 0 0
18932701847562564 11332929467204460 11614605872935236 11326409273197352 18897642048402020 27975047321314088 22345595522081636 27922275545251840 0 0 0 0 0 0
27920325634057060 13792273858822144 0 0 0 0 0 0 0 0 0 0 0 0
18932779609965380 18702692788469760 0 0 0 0 0 0 0 0 0 0 0 0
18967887211621988 27920186526924800 0 0 0 0 0 0 0 0 0 0 0 0
18932710638830376 22281891724412456 18903092796011068 18932663545964868 18932702015334724 14429179981604944 11614314151487812 22271707532230656 0 0 0 0 0 0
18932848331534692 27975301211443012 11326409273131808 0 0 0 0 0 0 0 0 0 0 0
18932831147801936 11614429762113320 22310478202011648 0 0 0 0 0 0 0 0 0 0 0
18932702199890756 11332954935083816 18904166533431296 0 0 0 0 0 0 0 0 0 0 0
18912988936430436 27975300390531328 0 0 0 0 0 0 0 0 0 0 0 0
18932663644137540 11649537817142056 22282030002798592 0 0 0 0 0 0 0 0 0 0 0
22303881976234792 17257012218898500 18912876729744720 11626451237339136 0 0 0 0 0 0 0 0 0 0
18977996725773156 27910317386445056 0 0 0 0 0 0 0 0 0 0 0 0
18703118818829156 27921425144963940 13847249440210944 0 0 0 0 0 0 0 0 0 0 0
18932693710226224 18858823439613952 0 0 0 0 0 0 0 0 0 0 0 0
18967887211619172 11332844289851392 0 0 0 0 0 0 0 0 0 0 0 0
18977859486033988 30444667036237824 0 0 0 0 0 0 0 0 0 0 0 0
22064111955436388 14183027355902768 14073748835532800 0 0 0 0 0 0 0 0 0 0 0
18967887211619172 11332844105302016 0 0 0 0 0 0 0 0 0 0 0 0
22345591411663664 31071526143078768 14073748835532800 0 0 0 0 0 0 0 0 0 0 0
18945684858208256 0 0 0 0 0 0 0 0 0 0 0 0 0
18932779306206020 18903092359801156 11326409273131816 17257012404629820 22236523160141824 0 0 0 0 0 0 0 0 0
18932779156590376 18858823439613952 0 0 0 0 0 0 0 0 0 0 0 0
19812312141229640 26286197312530780 31041813371501904 9007199254740992 0 0 0 0 0 0 0 0 0 0
22064112139988580 14194868580737840 14119117435913000 18945862078582568 18915238371917824 0 0 0 0 0 0 0 0 0
22345586932147044 11346038244835328 0 0 0 0 0 0 0 0 0 0 0 0
18932779609965392 0 0 0 0 0 0 0 0 0 0 0 0 0
18932779609965420 0 0 0 0 0 0 0 0 0 0 0 0 0
18926182539805440 0 0 0 0 0 0 0 0 0 0 0 0 0
18932779811285052 22281890899689472 0 0 0 0 0 0 0 0 0 0 0 0
22345591227114288 18932779612057956 14108933207621632 0 0 0 0 0 0 0 0 0 0 0
22028888289782084 18977708134367232 0 0 0 0 0 0 0 0 0 0 0 0
18946029130699560 11346148942897968 27975047275358564 11339441178358084 30399297484750848 0 0 0 0 0 0 0 0 0
18967887211619112 18977748456517888 0 0 0 0 0 0 0 0 0 0 0 0
18950508935802468 11368023546866030 13878212986159912 11332843565219840 0 0 0 0 0 0 0 0 0 0
18967887211619112 22324656917653800 22345591227114340 11332844105378128 27922524656591716 14429068852408576 0 0 0 0 0 0 0 0
18932779609965372 22236523160141824 0 0 0 0 0 0 0 0 0 0 0 0
18932779610751784 17257012755784548 27910338861294384 0 0 0 0 0 0 0 0 0 0 0
22291924771889960 18904330285560144 11332843567856976 11649546407061582 11649799806923552 0 0 0 0 0 0 0 0 0
18932663644142916 18932693708849960 17244037124653056 0 0 0 0 0 0 0 0 0 0 0
18977996725773156 11368276746134322 27975301214712388 30434481856839680 0 0 0 0 0 0 0 0 0 0
22303881959450692 22310363266492740 18932779609965352 18903067225834280 22009101024440932 27975301211498852 14464502332613428 0 0 0 0 0 0 0
18932826401230632 17256834997944320 0 0 0 0 0 0 0 0 0 0 0 0
18932826401620776 18904166536143664 27910430024819556 13878208593078588 22281891575376168 19748629687183420 22281866455285760 0 0 0 0 0 0 0
18977996725773156 11333130898319428 30444803489754112 0 0 0 0 0 0 0 0 0 0 0
18932779608195880 11333006776618536 17257012220871464 22000391480672256 0 0 0 0 0 0 0 0 0 0
18932663545964868 14429179981611826 18932753838981956 11346037709161264 11332843568513860 18915122997100544 0 0 0 0 0 0 0 0
18939087788441600 0 0 0 0 0 0 0 0 0 0 0 0 0
18932702300547140 11614314151487812 11332877493151824 11614429930275624 17257012404627516 22281891740647424 0 0 0 0 0 0 0 0
22303881959450692 22310363266492740 18932779609958724 11326409272404046 13837527298499428 27975300388840244 27975301214712576 0 0 0 0 0 0 0
18932702199890728 17257012220078148 11584742965326112 0 0 0 0 0 0 0 0 0 0 0
22303881959457576 17257012404627516 22281891724411716 11614314249667396 0 0 0 0 0 0 0 0 0 0
18932779609958460 22281892028171008 0 0 0 0 0 0 0 0 0 0 0 0
18932779306206020 18903067225837124 13859684064899684 27975301211496448 0 0 0 0 0 0 0 0 0 0
18932779156973892 18858823439613952 0 0 0 0 0 0 0 0 0 0 0 0
18932831685272420 27910430025394500 11332843116636484 22310616503116644 27910344126128996 27975300388840244 0 0 0 0 0 0 0 0
18967887211619172 27920372072654916 11661846371328868 27975090758171984 0 0 0 0 0 0 0 0 0 0
18977859584609792 0 0 0 0 0 0 0 0 0 0 0 0 0
18932831365905748 11584743399837540 13901551387241512 27910292736926564 13866404994351104 0 0 0 0 0 0 0 0 0
18932702015341380 11326409272409412 13866230028124978 18932779356537640 18915187423917096 22281891491291136 0 0 0 0 0 0 0 0
27920325634059876 13792273858822144 0 0 0 0 0 0 0 0 0 0 0 0
18977996725773096 18977748452655980 11649498626140516 13792273858822144 0 0 0 0 0 0 0 0 0 0
18912987948460356 18932706142529860 18915187423917096 18904192070992680 18932723976717096 18904192306794308 14992129684353860 17243856428859392 0 0 0 0 0 0
22064111955436388 27920238066532352 0 0 0 0 0 0 0 0 0 0 0 0
18932779609965380 18932663545964880 18932490718674944 0 0 0 0 0 0 0 0 0 0 0
18945973747727696 11626408877507368 18903067225837380 11649537813267240 27975301211439904 0 0 0 0 0 0 0 0 0
18944873784495912 22345586932147044 27920239193244456 18858823439613952 0 0 0 0 0 0 0 0 0 0
18932779156973892 30399297484750848 0 0 0 0 0 0 0 0 0 0 0 0
22345586932146992 27975301214712420 13792273858822144 0 0 0 0 0 0 0 0 0 0 0
18932663644147556 13901551389321284 30444804327424876 11661636924549232 27921261596853032 18904076341822208 0 0 0 0 0 0 0 0
18932779609957188 0 0 0 0 0 0 0 0 0 0 0 0 0
18932779609965380 18897594109394944 0 0 0 0 0 0 0 0 0 0 0 0
18967887211619172 27920188338864128 0 0 0 0 0 0 0 0 0 0 0 0
18932663644147524 11332843565219840 0 0 0 0 0 0 0 0 0 0 0 0
22064111955436328 27975085492217916 22281775964170596 14183027352030760 27975089093869568 0 0 0 0 0 0 0 0 0
18944920354029568 0 0 0 0 0 0 0 0 0 0 0 0 0
18932642166603776 0 0 0 0 0 0 0 0 0 0 0 0 0
18932831365905748 11584794941139280 22022406831022928 11649537817142116 27919898764115968 0 0 0 0 0 0 0 0 0
18932827070938452 11584794939445060 11326358167240016 11627623902030148 11614141324197888 0 0 0 0 0 0 0 0 0
18926182539808512 0 0 0 0 0 0 0 0 0 0 0 0 0
22304019399274056 26286498595892836 25735479964152112 9007199254740992 0 0 0 0 0 0 0 0 0 0
22345591227114288 31071525958529380 14108933207621632 0 0 0 0 0 0 0 0 0 0 0
19812312141751140 27919898764115968 0 0 0 0 0 0 0 0 0 0 0 0
18932779612635136 0 0 0 0 0 0 0 0 0 0 0 0 0
18932831147801936 11614141324197888 0 0 0 0 0 0 0 0 0 0 0 0
18932779608195880 11332843565219840 0 0 0 0 0 0 0 0 0 0 0 0
18967887211604036 11649498621764392 18904329444589568 0 0 0 0 0 0 0 0 0 0 0
18932702015341380 11332954935083816 18904076341825328 9007199254740992 0 0 0 0 0 0 0 0 0 0
18932779610751784 17257012220085060 18932779609958460 22281943567778628 0 0 0 0 0 0 0 0 0 0
18977996725773156 11368276746134322 27975300222774312 27975089630740480 0 0 0 0 0 0 0 0 0 0
18967887211619184 27920186526924800 0 0 0 0 0 0 0 0 0 0 0 0
18932663545178436 13866229928503364 11614314151487812 13792273858822144 0 0 0 0 0 0 0 0 0 0
18932831365905748 11584794941139284 18950508935078756 11333130898334512 0 0 0 0 0 0 0 0 0 0
18946110888567592 27975047473998180 13879312498705202 18903092997337660 22281891575972660 22310410611802920 18904243846202152 22281891777292644 15590401466385232 27924723676886784 0 0 0 0
27920325630124900 27975095053214564 27975103646229348 11368024182434148 14130001686639616 0 0 0 0 0 0 0 0 0
18967887211619112 27975086110162256 11607884249835580 22281866455285760 0 0 0 0 0 0 0 0 0 0
27920324641321512 27975300392641380 27975085639860224 0 0 0 0 0 0 0 0 0 0 0
18944873784495912 22345586932147044 11345024097593412 11614319082012672 0 0 0 0 0 0 0 0 0 0
18946110905347684 13913647191647024 31017223019560960 0 0 0 0 0 0 0 0 0 0 0
18967895801556580 14722633621914436 13837779883418468 27975090220580176 11626662012919808 0 0 0 0 0 0 0 0 0
18932831365905748 11584794941139280 27920372874101612 11661593971599684 11332843565219840 0 0 0 0 0 0 0 0 0
18932663545178436 17243640858411008 0 0 0 0 0 0 0 0 0 0 0 0
18932663644142916 18932779157760296 18904192206962688 0 0 0 0 0 0 0 0 0 0 0
18946029130699560 11346148942897968 27975300223812392 27910291616641280 0 0 0 0 0 0 0 0 0 0
22310402021081924 18912699509374976 0 0 0 0 0 0 0 0 0 0 0 0
22303881959457576 17257012404627516 22281891724411688 18932753835753472 0 0 0 0 0 0 0 0 0 0
18932710638830404 13866114065056562 18932663845471044 18912915384517428 18932779357916928 0 0 0 0 0 0 0 0 0
22310478878288196 11346037707394856 18903143899418400 0 0 0 0 0 0 0 0 0 0 0
18967887211619112 27975085493269092 27975301211488256 0 0 0 0 0 0 0 0 0 0 0
18932827390307940 11333130899055400 22028888387961640 31016123507933184 0 0 0 0 0 0 0 0 0 0
22028888290044240 27920325633336164 13792273858822144 0 0 0 0 0 0 0 0 0 0 0
18932779608194384 11614430211080192 0 0 0 0 0 0 0 0 0 0 0 0
18932663545964868 11332843116636484 0 0 0 0 0 0 0 0 0 0 0 0
22345586932146984 18977748456517888 0 0 0 0 0 0 0 0 0 0 0 0
22303881958736708 18932701172072448 0 0 0 0 0 0 0 0 0 0 0 0
18967887211619172 11344938733207552 0 0 0 0 0 0 0 0 0 0 0 0
18977859133729832 11333130896221006 0 0 0 0 0 0 0 0 0 0 0 0
18945011393719920 11368062840431460 11368061865240646 11584755850422628 11326409274503748 30399297484750848 0 0 0 0 0 0 0 0
18932779609965380 18932663545964868 0 0 0 0 0 0 0 0 0 0 0 0
18932826401620776 27920372874101612 11661846202172200 18904191874248960 0 0 0 0 0 0 0 0 0 0
18932831147801936 11649537817142056 22000555026087936 0 0 0 0 0 0 0 0 0 0 0
18977996725773156 11333130898319428 30444803485335552 0 0 0 0 0 0 0 0 0 0 0
18967895986823988 18944848466305840 27975301214712132 30444803508626216 18977748456530736 31018545869488128 0 0 0 0 0 0 0 0
22345586932147044 27920238066532352 0 0 0 0 0 0 0 0 0 0 0 0
18932826571485552 27975301211442728 18904191854268200 27922524656594532 14129961367502848 0 0 0 0 0 0 0 0 0
18950370667528192 0 0 0 0 0 0 0 0 0 0 0 0 0
18967887211619172 27920184144560128 0 0 0 0 0 0 0 0 0 0 0 0
18932831147801936 11626235952103424 0 0 0 0 0 0 0 0 0 0 0 0
18932663545964880 18915071459803956 18914087811622980 11614352805413672 17257012220085040 11332843568513860 18915122997707560 18904166736855040 0 0 0 0 0 0
18932663644144424 22281891575179588 0 0 0 0 0 0 0 0 0 0 0 0
27920325633323620 27975301211513648 0 0 0 0 0 0 0 0 0 0 0 0
18932827390305124 27975300369350656 0 0 0 0 0 0 0 0 0 0 0 0
22303881959457576 17257012218318384 11584880557384548 27975089788236644 27975301211553792 0 0 0 0 0 0 0 0 0
18967887208407908 27975300392626244 11649546407076660 27975301214712932 13848348951838720 0 0 0 0 0 0 0 0 0
18932831365905748 11584794941139284 18903092798695760 13866113965173092 14183027355902770 18912962827780096 0 0 0 0 0 0 0 0
18946110888567652 11368276746126120 27921425144948816 18904330282346820 11333130894459756 11614605180665856 0 0 0 0 0 0 0 0
19812312141751140 11336142640202536 17257012404627516 22281939808576356 11333130898319430 11649498626140516 14150852088430592 0 0 0 0 0 0 0
22303881959450692 22310363266492740 18932779173750844 22281891575902504 11368067135398756 27921176033715044 27975300402905088 0 0 0 0 0 0 0
18944758272049960 17257012406727012 27975047275358564 27919898764115968 0 0 0 0 0 0 0 0 0 0
22310363369189732 31071572360505444 14183027352028712 27975089788236644 27975301211571712 0 0 0 0 0 0 0 0 0
18932663545964880 18932663545964868 14399544272037956 18916286650336068 13859632957635920 11614404445679912 18904192020661800 18903143899415348 14710543491475524 11607884093718528 0 0 0 0
18932779609911808 0 0 0 0 0 0 0 0 0 0 0 0 0
18703118818829096 18702870545711728 11649751724487168 0 0 0 0 0 0 0 0 0 0 0
18932663644144452 11326409272393728 0 0 0 0 0 0 0 0 0 0 0 0
18932848327671120 11626408879270212 13866230029173552 9007199254740992 0 0 0 0 0 0 0 0 0 0
18946110888567652 11333130898334512 0 0 0 0 0 0 0 0 0 0 0 0
18932701847562564 11332929467204210 11613532131111236 11326409273197352 18897642048402020 27975300223558452 27975301214712616 27920998275743744 0 0 0 0 0 0
18932779156973892 13836543214830376 18903067225837124 11326409273131824 17256834997944320 0 0 0 0 0 0 0 0 0
18946029130699560 11346148942897968 27975300223477820 22281866457998120 18904329440198656 0 0 0 0 0 0 0 0 0
20656737071883108 14183027355902768 14073748835532800 0 0 0 0 0 0 0 0 0 0 0
22310478878288196 11346037707394856 18903143899418368 0 0 0 0 0 0 0 0 0 0 0
18932847200960512 0 0 0 0 0 0 0 0 0 0 0 0 0
18977859584934764 11614605180665856 0 0 0 0 0 0 0 0 0 0 0 0
18944758272049960 17257012423504228 27910291617377840 27921425144963940 14073748835532800 0 0 0 0 0 0 0 0 0
22028888289782116 13901552379192112 22236523160141824 0 0 0 0 0 0 0 0 0 0 0
18967887211619172 27920234446671656 17256834997944320 0 0 0 0 0 0 0 0 0 0 0
22303881959457576 17257012404627516 22281891724411688 18904191871428676 11614141324197888 0 0 0 0 0 0 0 0 0
18932916749034340 27975085922975744 0 0 0 0 0 0 0 0 0 0 0 0
18932779609965380 18977570695413760 0 0 0 0 0 0 0 0 0 0 0 0
22303881959457576 17257012404627516 22281891724411716 11614429087006720 0 0 0 0 0 0 0 0 0 0
18903093331714916 27975300372063024 27975301214712320 0 0 0 0 0 0 0 0 0 0 0
18977859133729832 18903093482177388 0 0 0 0 0 0 0 0 0 0 0 0
18932826571485540 27910343588668260 11332844105322052 11326409274504036 27975348456141600 0 0 0 0 0 0 0 0 0
18967887211619120 27910430028673892 27975301211566632 27919898764115968 0 0 0 0 0 0 0 0 0 0
18932779610751784 17257012755784548 27975300373751868 22281943567778628 9007199254740992 0 0 0 0 0 0 0 0 0
18946110888552528 11649498626140516 11333130898319428 30444803489754144 0 0 0 0 0 0 0 0 0 0
18932826401620776 18903067225834280 17243929951873084 22281776265374032 18904192991100928 0 0 0 0 0 0 0 0 0
18932710638830404 13866113964393316 14183026364721508 27975085640467252 18932779357916928 0 0 0 0 0 0 0 0 0
18932831147801936 11649537817142116 27920255921508136 11326409273134632 18926233645691504 27910292736926564 11346148944916992 0 0 0 0 0 0 0
18946110888567652 11368276746128936 17257012120190976 0 0 0 0 0 0 0 0 0 0 0
18932779609965380 30399297484750848 0 0 0 0 0 0 0 0 0 0 0 0
18977996725773096 27910292736926504 18977748453245804 11649542112094276 30444803338759208 27910292736926512 18977570695413760 0 0 0 0 0 0 0
22310479029289768 18945861628150576 22310363367162676 22310363367156036 11346037707394856 18915238527314000 11614314450993970 22281891575966020 13879135277416448 0 0 0 0 0
18932779609965380 18932779609965380 18932779609965380 18932779609948160 0 0 0 0 0 0 0 0 0 0
18932826571485540 27975301211442728 18904191854268200 27922524656594532 14129961367502848 0 0 0 0 0 0 0 0 0
18932663648528708 30399297484750848 0 0 0 0 0 0 0 0 0 0 0 0
22064111955436328 27975085492217936 11584717831355728 0 0 0 0 0 0 0 0 0 0 0
18932779792745284 18904329446697060 27910430025403944 17257012120201540 11332843567926824 17257012120190976 0 0 0 0 0 0 0 0
18977859284707396 30444665899805736 18903093482177320 18977747916374892 0 0 0 0 0 0 0 0 0 0
18932831365905748 11584790644409128 18904244382950244 27975300373751868 22281943566009128 18858823439613952 0 0 0 0 0 0 0 0
18977996725773156 27910292736926512 18977570695413760 0 0 0 0 0 0 0 0 0 0 0
18977859133729832 11333130896239616 0 0 0 0 0 0 0 0 0 0 0 0
22303929051991848 27920325629461356 11649498626140516 27919898764115968 0 0 0 0 0 0 0 0 0 0
22310402021081924 18932779303567360 0 0 0 0 0 0 0 0 0 0 0 0
18932701848348996 18932706594472772 18916261165738044 22281892028167208 18904192039207748 14127912668102656 0 0 0 0 0 0 0 0
18932831685272420 27910339293629992 17257012759048448 0 0 0 0 0 0 0 0 0 0 0
18910789075419972 11360442593264432 0 0 0 0 0 0 0 0 0 0 0 0
27920325817872996 11368061867352932 14476596960518962 14355223812243456 0 0 0 0 0 0 0 0 0 0
18945973296507176 18904191179161600 0 0 0 0 0 0 0 0 0 0 0 0
18946110888567652 11332929468967268 27919898764115968 0 0 0 0 0 0 0 0 0 0 0
18932779609965380 18932779609965380 18932830021091328 0 0 0 0 0 0 0 0 0 0 0
22304019399795548 31041813370912080 11641003263734048 0 0 0 0 0 0 0 0 0 0 0
22064112139988580 14195121850304604 27920114049351680 0 0 0 0 0 0 0 0 0 0 0
18977996725773096 18977748452664164 13866405688717924 27975300222774312 27921287852589056 0 0 0 0 0 0 0 0 0
18946110888567652 11368276746126120 22281776062939972 14119254876188260 31071318669524992 0 0 0 0 0 0 0 0 0
27920325633323620 11368061867340644 27975300426183524 14183026584150884 27975102851186688 0 0 0 0 0 0 0 0 0
22303881808470832 27975301214712104 22064116250403684 27920998275743744 0 0 0 0 0 0 0 0 0 0
18932779306205992 17257012404627516 22281939271630160 11649542112109412 27921135714697216 0 0 0 0 0 0 0 0 0
18977996725773156 11368276746134322 27975301210850156 11649541575811072 0 0 0 0 0 0 0 0 0 0
18932663644152624 27975300223484712 17257012402864936 18904330282270720 0 0 0 0 0 0 0 0 0 0
18932826401620776 18903067225834324 27920325633321028 30444851756597248 0 0 0 0 0 0 0 0 0 0
18932779156973864 18904192504561664 0 0 0 0 0 0 0 0 0 0 0 0
18932779811285052 22281892028153856 0 0 0 0 0 0 0 0 0 0 0 0
18967887207752548 11368276748544060 22281866457992744 17257012120201550 11326409272020736 0 0 0 0 0 0 0 0 0
18932663644147536 11326426450513732 11332843567928132 18944942503972648 11326409274503524 27975301211422720 0 0 0 0 0 0 0 0
18912988400665412 18912699509374976 0 0 0 0 0 0 0 0 0 0 0 0
18932779811290448 0 0 0 0 0 0 0 0 0 0 0 0 0
18932663644152624 27975301214712132 0 0 0 0 0 0 0 0 0 0 0 0
22064111955436388 11333130898321664 0 0 0 0 0 0 0 0 0 0 0 0
18932663644144452 11332843565219840 0 0 0 0 0 0 0 0 0 0 0 0
31298024531780452 27975090758181732 27975300372692992 0 0 0 0 0 0 0 0 0 0 0
18932831148461924 13901552375320404 11332843116252968 17257012759048516 14118017755709440 0 0 0 0 0 0 0 0 0
18944758272049960 17257012406727012 27975300224856360 18903105242940968 19703248369745920 0 0 0 0 0 0 0 0 0
27922524656579184 27920325633336164 13901551557096192 0 0 0 0 0 0 0 0 0 0 0
18932702015341352 17257012219036456 18932779357913924 11326409272410948 14412686871966276 18932701848348996 11326409272413952 0 0 0 0 0 0 0
22310479029289768 22281891575966020 11346037707984640 0 0 0 0 0 0 0 0 0 0 0
18967887211619172 11346038244835328 0 0 0 0 0 0 0 0 0 0 0 0
18932706597613924 27975301211442736 22028888289782116 14464502328738668 11649499159275860 11344937744158504 17256972436897792 0 0 0 0 0 0 0
18932779156973892 11326409273197362 18932663644144444 18915187323257640 18904191854658372 13866229576968516 18903067225837360 11614356930297856 0 0 0 0 0 0
22303929051991848 27920325633321060 27920076169035088 11607883556847616 0 0 0 0 0 0 0 0 0 0
18932779306205992 17257012404627516 22281939271630160 11614357100380996 14429179981480756 0 0 0 0 0 0 0 0 0
18932779609965380 18932779156590376 22310478202011648 0 0 0 0 0 0 0 0 0 0 0
18944758272049960 17257012406727012 27975301211422720 0 0 0 0 0 0 0 0 0 0 0
18932779811291904 0 0 0 0 0 0 0 0 0 0 0 0 0
18932663644147456 0 0 0 0 0 0 0 0 0 0 0 0 0
18967887211619120 27975301214712420 13792273858822144 0 0 0 0 0 0 0 0 0 0 0
18977859133665832 18702692788469760 0 0 0 0 0 0 0 0 0 0 0 0
18932779156973636 18904329446712164 11346038248124712 27921425144948816 11649751736909824 0 0 0 0 0 0 0 0 0
18932831147801936 11614429763555368 17261409814397736 22310367659572560 11627624350613504 0 0 0 0 0 0 0 0 0
18977860122403684 27975300369350656 0 0 0 0 0 0 0 0 0 0 0 0
18910789276741444 17256834997944320 0 0 0 0 0 0 0 0 0 0 0 0
18946020541147460 11326409273140016 27975300222710312 27910292736926512 0 0 0 0 0 0 0 0 0 0
18967887208407908 27975300392626244 11649546407076708 27920117807448064 0 0 0 0 0 0 0 0 0 0
18932779609965352 17257012421394432 0 0 0 0 0 0 0 0 0 0 0 0
18944758272049960 17257012406727012 27975047807779692 11649536844771950 27910481565072720 11614314249660484 11614141324197888 0 0 0 0 0 0 0
18932663545964880 27920325633321032 11649751720132608 0 0 0 0 0 0 0 0 0 0 0
18932916749034340 27910292049060656 21999317741152580 11326409272410988 9007199254740992 0 0 0 0 0 0 0 0 0
18912988400663876 18912699509374976 0 0 0 0 0 0 0 0 0 0 0 0
18932702015341352 22281891759728708 18932715084792616 17257012220085044 14710543289041732 18912872636171048 17257012220854272 0 0 0 0 0 0 0
27920325817888356 13792273858822144 0 0 0 0 0 0 0 0 0 0 0 0
18977996725773156 11368276746128936 17257012120190976 0 0 0 0 0 0 0 0 0 0 0
18932779156590376 22310190439202816 0 0 0 0 0 0 0 0 0 0 0 0
18977996725773156 27975086110162256 11607883556847616 0 0 0 0 0 0 0 0 0 0 0
18932779610679364 11614314151487822 27920325633321028 30444803338759208 27919898764115968 0 0 0 0 0 0 0 0 0
18944796928452688 11626408878095696 11649542297379624 32424775123485480 11332843565219840 0 0 0 0 0 0 0 0 0
22303929051991848 27920325633336164 13792273858822144 0 0 0 0 0 0 0 0 0 0 0
20656737071883108 27919898764115968 0 0 0 0 0 0 0 0 0 0 0 0
18932706782163300 27910292736926504 27975085925612880 11626452364780388 27975300407306580 11344937744158504 17256972436897792 0 0 0 0 0 0 0
18946110888567652 27975086128710440 22281892229490768 11607883556847616 0 0 0 0 0 0 0 0 0 0
18932779610751824 11332839174777156 18977748453253928 18932668479791972 13866229437562880 0 0 0 0 0 0 0 0 0
22345586932147044 11333130898321732 30399297484750848 0 0 0 0 0 0 0 0 0 0 0
18932779608194384 11627623226540032 0 0 0 0 0 0 0 0 0 0 0 0
18932779156590376 22064111955436328 18977748452655980 11649536149684224 0 0 0 0 0 0 0 0 0 0
22064120729905232 11649542296643684 13901552379192112 11649498806316644 14194914157920256 0 0 0 0 0 0 0 0 0
18932779609965352 17257012421411584 0 0 0 0 0 0 0 0 0 0 0 0
22310478878288196 14160898844214056 22310402019970856 18903093482170436 30444667038334976 0 0 0 0 0 0 0 0 0
18944758273363556 13901552375317288 27975085925679932 22064116250403624 18904330282353408 0 0 0 0 0 0 0 0 0
18946110889288488 22028888387961640 31071272201037892 11614319266562048 0 0 0 0 0 0 0 0 0 0
18932779609965380 17243640858411008 0 0 0 0 0 0 0 0 0 0 0 0
18967887211619112 22000555026087936 0 0 0 0 0 0 0 0 0 0 0 0
22064112139985780 13827458230910976 0 0 0 0 0 0 0 0 0 0 0 0
27920325633336164 13836594753060176 11626524402778112 0 0 0 0 0 0 0 0 0 0 0
18932779608198952 18932490718674944 0 0 0 0 0 0 0 0 0 0 0 0
27922524656579172 11346038244860772 27975300375864112 27922235226324992 0 0 0 0 0 0 0 0 0 0
18967887211619120 27975095056294756 27922524653380400 0 0 0 0 0 0 0 0 0 0 0
18967887211619172 11332844105319168 0 0 0 0 0 0 0 0 0 0 0 0
18944873784495912 22345586932146984 21999317103618404 11332844105302016 0 0 0 0 0 0 0 0 0 0
18932779609965380 18903092360577024 0 0 0 0 0 0 0 0 0 0 0 0
18944758271982928 11626524390402344 18904329446712164 27975085493269092 27975301211488256 0 0 0 0 0 0 0 0 0
18932779608194384 11614429087006720 0 0 0 0 0 0 0 0 0 0 0 0
22345586928271984 11649751573537614 11649751724487200 0 0 0 0 0 0 0 0 0 0 0
18977996725773156 11368276747840552 27921425144963940 14108933207621632 0 0 0 0 0 0 0 0 0 0
18944758271982928 11614482290798180 14183027355902770 32423676149457764 27975300402905088 0 0 0 0 0 0 0 0 0
22345586932147044 14195121983808304 14108933207621632 0 0 0 0 0 0 0 0 0 0 0
18932702199883860 18932830845879080 17257012406727268 27975301211488256 0 0 0 0 0 0 0 0 0 0
18932831685337956 27920372874113892 13901340951652430 11584717831355728 9007199254740992 0 0 0 0 0 0 0 0 0
22345586928272236 11649498626140516 11333130898319428 30444803489754112 0 0 0 0 0 0 0 0 0 0
18977859572989952 0 0 0 0 0 0 0 0 0 0 0 0 0
18932779306206020 11614314151487822 18903067225837096 18904192005263136 0 0 0 0 0 0 0 0 0 0
18932663545964880 18932663545964868 14429179981611826 18932779307582276 11326409272410948 13836542779011652 18932710638821376 0 0 0 0 0 0 0
22028888289782096 18967887211619172 27920036203069440 0 0 0 0 0 0 0 0 0 0 0
18944758272049960 17257012406727012 27975047270982440 18977748453228544 0 0 0 0 0 0 0 0 0 0
18946020541147460 11326409273140016 27975300222774312 27910292736926512 0 0 0 0 0 0 0 0 0 0
22310402021081924 18932701172072448 0 0 0 0 0 0 0 0 0 0 0 0
18950255732009256 17257012755784548 27910430025394500 11346037707391824 11626524390018856 18903093482177388 9007199254740992 0 0 0 0 0 0 0
18932779608195880 18912872436541764 11326409273131816 17261410451140924 22271707532230656 0 0 0 0 0 0 0 0 0
18932663545964880 27920373062510708 13837710994057512 17257012120199168 0 0 0 0 0 0 0 0 0 0
22345586932146984 27975085491890236 22281866455285760 0 0 0 0 0 0 0 0 0 0 0
18977859284321064 18977747916433476 30444666084340804 18903092695348264 18915187120161644 11614356748069928 18977570695413760 0 0 0 0 0 0 0
18912988401451824 0 0 0 0 0 0 0 0 0 0 0 0 0
22064111955436388 27920234446671656 17256834997944320 0 0 0 0 0 0 0 0 0 0 0
18977996725773156 27910429187730472 27921425144963880 18977748453311340 0 0 0 0 0 0 0 0 0 0
18932779609960772 11326409273124942 11332877829482852 14183027355902770 11649546407076708 27922235226324992 0 0 0 0 0 0 0 0
18967887207752548 27975086110162256 11607884249835580 22281866455285760 0 0 0 0 0 0 0 0 0 0
18932663545964868 13866230028059444 18932779357913924 11326409272410948 14680967709143876 18932702015324160 0 0 0 0 0 0 0 0
18932826401620776 27920372874101612 11661846204264744 21999317538128708 0 0 0 0 0 0 0 0 0 0
18977859133729832 18903093482170436 30444735255692072 17257012218905412 17243929748521778 17256972436897792 0 0 0 0 0 0 0 0
27920071677585764 11332057156510504 18702870549573888 0 0 0 0 0 0 0 0 0 0 0
22310410795172648 27920325633336164 13837779882697512 18977748456530736 22028935534419968 0 0 0 0 0 0 0 0 0
22303881959457576 17257012404627516 22281891724411688 18904192307636548 18926181411717120 0 0 0 0 0 0 0 0 0
27920071890920232 18904330285557828 11332843567932208 0 0 0 0 0 0 0 0 0 0 0
18913057118371156 11626524539632976 11540474045136896 0 0 0 0 0 0 0 0 0 0 0
22345586932146984 27910343156248872 27922576192988004 11346038248122448 11649542108233040 11649546067116032 0 0 0 0 0 0 0 0
18977859282944808 17257012218964036 30444666082575212 11614352654429224 18917270485739844 14118018878096180 11333130896222276 30444550391343428 14695262479974400 0 0 0 0 0
18932826401620776 18903067292947284 18903067292945960 18932667940798464 0 0 0 0 0 0 0 0 0 0
18912988400665412 13792273858822144 0 0 0 0 0 0 0 0 0 0 0 0
18977859284321064 18977747915785068 11584742948160304 18977747920234820 14118018878096168 17243813788264772 11326357883808808 18977747920224256 0 0 0 0 0 0
18944758272049980 22064111955436328 18977748456517956 0 0 0 0 0 0 0 0 0 0 0
18932710638830436 13901298976121650 27975047472309092 27920114204750660 18932715085561856 0 0 0 0 0 0 0 0 0
18932779609965380 18945684858208256 0 0 0 0 0 0 0 0 0 0 0 0
18932848329424896 0 0 0 0 0 0 0 0 0 0 0 0 0
18977859586714624 0 0 0 0 0 0 0 0 0 0 0 0 0
18932779156973864 18904192991100928 0 0 0 0 0 0 0 0 0 0 0 0
18977859586650624 0 0 0 0 0 0 0 0 0 0 0 0 0
22064111955436328 27975085491890236 22281866455285760 0 0 0 0 0 0 0 0 0 0 0
22310479029289768 22310406314282792 18903143899408464 11627624069812008 18903143899408464 11614353102995456 0 0 0 0 0 0 0 0
18932826571485552 27975301211442728 18932667939044688 11649546407076718 27921217855946752 0 0 0 0 0 0 0 0 0
18977996725773156 27975084798902272 0 0 0 0 0 0 0 0 0 0 0 0
18932779609965380 18926181411717120 0 0 0 0 0 0 0 0 0 0 0 0
18703118818829156 11339441178358016 0 0 0 0 0 0 0 0 0 0 0 0
18932779156973864 22281892023762944 0 0 0 0 0 0 0 0 0 0 0 0
18932779609973552 27975301214712064 0 0 0 0 0 0 0 0 0 0 0 0
22028888289782096 18913035643534672 11626524541013792 0 0 0 0 0 0 0 0 0 0 0
22310478878288196 22310363266492772 13901552379192112 22064116250406500 14464501340662824 27975300389470208 0 0 0 0 0 0 0 0
18977859133729832 18903229935084388 11333130898334512 11649542112109352 18977748456518144 0 0 0 0 0 0 0 0 0
18932663545964880 18915187423917124 14147705004703044 18903067225834308 18912872434844464 18932779340546848 0 0 0 0 0 0 0 0
18977996725773156 27921425144963940 13847249440210944 0 0 0 0 0 0 0 0 0 0 0
18932826571485540 27975301211442728 18904191854268200 27922524656591716 14129961367502848 0 0 0 0 0 0 0 0 0
18932779609958468 11627335463731200 0 0 0 0 0 0 0 0 0 0 0 0
18932779608785732 18932701172072448 0 0 0 0 0 0 0 0 0 0 0 0
18932831147801936 11649537817863022 13866114063360818 27975301214712320 0 0 0 0 0 0 0 0 0 0
22345586932146984 18977748452655980 11649536149684224 0 0 0 0 0 0 0 0 0 0 0
18932701847562564 11332929467204460 11614605872935236 11326409273197352 18897642048402020 27975300223558452 27975301214712616 27920998275743744 0 0 0 0 0 0
27921425144951152 27987395003757056 0 0 0 0 0 0 0 0 0 0 0 0
18932779609968384 0 0 0 0 0 0 0 0 0 0 0 0 0
18932826401620776 27920325633336164 13792273858822144 0 0 0 0 0 0 0 0 0 0 0
19812312141751140 11336142640185344 0 0 0 0 0 0 0 0 0 0 0 0
18977859586696016 9007199254740992 0 0 0 0 0 0 0 0 0 0 0 0
18932663644137540 11614567354557284 27975084798902272 0 0 0 0 0 0 0 0 0 0 0
22303881959457576 17257012404627516 22281891724411716 11649537817142116 27919898764115968 0 0 0 0 0 0 0 0 0
18977996725773156 27975086023639040 0 0 0 0 0 0 0 0 0 0 0 0
27921425144951132 31041813560058672 27920998275743744 0 0 0 0 0 0 0 0 0 0 0
18944873784495912 22345586932147044 14147704552892712 18904244382937600 0 0 0 0 0 0 0 0 0 0
18967887211619172 11332844105322240 0 0 0 0 0 0 0 0 0 0 0 0
18932663644144424 18904242718769152 0 0 0 0 0 0 0 0 0 0 0 0
27920325633336164 13866114264687410 27975301214712320 0 0 0 0 0 0 0 0 0 0 0
18932779609965380 18932779156590376 22310190439202816 0 0 0 0 0 0 0 0 0 0 0
18946029130699560 11346148942897968 27975300224869168 18977748100332880 11607883556847616 0 0 0 0 0 0 0 0 0
18932663644144448 32088147345014784 0 0 0 0 0 0 0 0 0 0 0 0
18932804251287552 0 0 0 0 0 0 0 0 0 0 0 0 0
18944758272049960 17257012423504238 27910477269451560 27920187219912772 11614141324197888 0 0 0 0 0 0 0 0 0
18932779609965376 32088147345014784 0 0 0 0 0 0 0 0 0 0 0 0
18932779608195880 18858823439613952 0 0 0 0 0 0 0 0 0 0 0 0
18967887207745064 27910304501540932 22310363266492740 14147589041373992 18977747915785768 11336142153138994 11332843567932200 19748754374918144 0 0 0 0 0 0
18932916749034340 27910291616641360 11332839272956752 18904191854268200 18932955112013824 0 0 0 0 0 0 0 0 0
22322548190687588 27975048009689424 11326409272020768 0 0 0 0 0 0 0 0 0 0 0
18932663644144424 22064111955436328 27975085930064196 11336141651716422 11614314151487824 18903092259858788 14183027355887696 27922524656591716 14400729829605376 0 0 0 0 0
22064112139983728 20368926173036544 0 0 0 0 0 0 0 0 0 0 0 0
18702981226721832 18702692788469760 0 0 0 0 0 0 0 0 0 0 0 0
18946029130698536 11346148942096464 11614314254051624 18977747920224256 0 0 0 0 0 0 0 0 0 0
18932831365905748 11584794941139284 18979981835648336 11662945882956584 18977748456530736 14073748835532800 0 0 0 0 0 0 0 0
22310616469562212 27975084798902272 0 0 0 0 0 0 0 0 0 0 0 0
22304019416557636 14429179984688228 27975301211632424 27910343156248932 27975301211451184 9007199254740992 0 0 0 0 0 0 0 0
22345586932146984 18702870549573888 0 0 0 0 0 0 0 0 0 0 0 0
18932663644144240 0 0 0 0 0 0 0 0 0 0 0 0 0
18932663644144452 11332843116636484 0 0 0 0 0 0 0 0 0 0 0 0
22303929051991848 27920325629469540 11368061865961532 22281866457992744 17257012120190976 0 0 0 0 0 0 0 0 0
18944801221655888 11614477359458404 13901552379192112 11649546407061604 27975089952214568 17257012120190976 0 0 0 0 0 0 0 0
18932778481483776 0 0 0 0 0 0 0 0 0 0 0 0 0
22064111955421296 27910338862002492 22281938987598660 18932706003910656 0 0 0 0 0 0 0 0 0 0
22064116250403684 14476596121658212 27975086466347572 9007199254740992 0 0 0 0 0 0 0 0 0 0
27920325633323620 27922523868062564 27924723679847208 27922524653380400 11649549923778560 0 0 0 0 0 0 0 0 0
22310363902075748 27910292736926564 13837527298499428 27910292736926564 14119117250587688 11333130896239616 0 0 0 0 0 0 0 0
18912988936430436 27975095056294756 13901341113974784 0 0 0 0 0 0 0 0 0 0 0
18932831365905748 11584794941139284 18903092798695760 14147588941883748 13901552379192112 18914062339407872 0 0 0 0 0 0 0 0
18703118818829156 11332057156510512 0 0 0 0 0 0 0 0 0 0 0 0
18979986130615632 11662992959811940 27975047275358564 11333130898321704 27921261594148864 0 0 0 0 0 0 0 0 0
22345586932146984 27975085493269092 27975301211488256 0 0 0 0 0 0 0 0 0 0 0
18932702199883844 18932830845879080 17257012406727268 27975301211496448 0 0 0 0 0 0 0 0 0 0
18932831149179648 0 0 0 0 0 0 0 0 0 0 0 0 0
18932779073077248 0 0 0 0 0 0 0 0 0 0 0 0 0
18946110889288560 27921472389607012 13847386879164416 0 0 0 0 0 0 0 0 0 0 0
18932779609958468 11584794504938240 0 0 0 0 0 0 0 0 0 0 0 0
18977996725773156 11333130898334512 0 0 0 0 0 0 0 0 0 0 0 0
22303881959450692 22310363266492740 11614314151487812 11344972119302962 27975301214712360 27922524656591716 14355223812243456 0 0 0 0 0 0 0
18950372062674256 11614429762506536 22028888289782084 17244066888755268 11641003263746856 17257012625557596 27920162082521088 0 0 0 0 0 0 0
18967887211097672 26286240901063524 27920114049351680 0 0 0 0 0 0 0 0 0 0 0
18946110906065764 13913647007818544 31017223019560960 0 0 0 0 0 0 0 0 0 0 0
18944873784495912 22345586932147044 27920187370980164 22291498741530624 0 0 0 0 0 0 0 0 0 0
18913035192313916 22281939272804420 11614318544567632 11626524536995840 0 0 0 0 0 0 0 0 0 0
18932642351153152 0 0 0 0 0 0 0 0 0 0 0 0 0
18932831147801936 11626524844188466 27975300223558448 27975301214712104 27975089093869568 0 0 0 0 0 0 0 0 0
18932663545964880 11350431360821604 13901552375320104 27975085493269104 31071272014799664 18894007811702784 0 0 0 0 0 0 0 0
18977859584934764 11584744087700332 0 0 0 0 0 0 0 0 0 0 0 0
18932779610734592 0 0 0 0 0 0 0 0 0 0 0 0 0
18932702300554052 18913035643534672 11626661999240036 27975089093869568 0 0 0 0 0 0 0 0 0 0
18977996725773096 18977748456515652 30444803485335552 0 0 0 0 0 0 0 0 0 0 0
22303882796426084 27988278938435584 0 0 0 0 0 0 0 0 0 0 0 0
18932663644144452 22236523160141824 0 0 0 0 0 0 0 0 0 0 0 0
22303882796491620 27920239195808560 27921135714697216 0 0 0 0 0 0 0 0 0 0 0
18932663545178436 0 0 0 0 0 0 0 0 0 0 0 0 0
22303882796426084 27975300369350656 0 0 0 0 0 0 0 0 0 0 0 0
18932663545178436 11326357732786176 0 0 0 0 0 0 0 0 0 0 0 0
18932831147801936 11614430398272334 11332843567856976 11627761494090596 27921287165264680 11332843773047344 11614314249667328 0 0 0 0 0 0 0
22291924771890020 27975086110163752 18903067225842484 27975301399261748 9007199254740992 0 0 0 0 0 0 0 0 0
18913125556511588 27975090758181732 27975300372692992 0 0 0 0 0 0 0 0 0 0 0
18932702300554052 18912699509374976 0 0 0 0 0 0 0 0 0 0 0 0
22028888289716560 23406666853197884 22282029167240036 11344938736496928 0 0 0 0 0 0 0 0 0 0
18945973296123688 27920325633321040 11649751720132608 0 0 0 0 0 0 0 0 0 0 0
18932702300554064 13792273858822144 0 0 0 0 0 0 0 0 0 0 0 0
18932710889374532 18912872434844476 18932663545964868 11326357867016784 18915161853739776 0 0 0 0 0 0 0 0 0
22310479046066984 22345586932147044 27920187855029032 22281891575966020 14160610254127104 0 0 0 0 0 0 0 0 0
18932779706220544 0 0 0 0 0 0 0 0 0 0 0 0 0
18932827390307940 11345049413691716 11661846202499880 31016123507933184 0 0 0 0 0 0 0 0 0 0
18932779806883840 0 0 0 0 0 0 0 0 0 0 0 0 0
18932663545964868 13836594318623556 14147636286407476 17243929296326440 18932779356537640 18915187423916592 18858823439613952 0 0 0 0 0 0 0
18932779608195880 22236523160141824 0 0 0 0 0 0 0 0 0 0 0 0
22310363364605264 11649537817142116 27920076522021732 27975300386127872 0 0 0 0 0 0 0 0 0 0
18967887211619112 22282029014133092 13792273858822144 0 0 0 0 0 0 0 0 0 0 0
18977996725773156 27910429186018856 17257012120190976 0 0 0 0 0 0 0 0 0 0 0
18967891502714408 27910266480586280 27920325633336164 13837827125215232 0 0 0 0 0 0 0 0 0 0
18977996725773156 11368023649429860 13837779882697512 18977748456530736 18977708134367232 0 0 0 0 0 0 0 0 0
18977859133326120 18977747915783492 11333130896239656 18977747920224256 0 0 0 0 0 0 0 0 0 0
18932827390307940 11345049413691688 18904191874261800 23436268288409600 0 0 0 0 0 0 0 0 0 0
18932779156973892 18945684858208256 0 0 0 0 0 0 0 0 0 0 0 0
18967891691135792 31071526143078768 14073748835532800 0 0 0 0 0 0 0 0 0 0 0
18932706327094064 27987447378953020 18914087912289348 14429179981670468 11614365790978868 11346037707064064 0 0 0 0 0 0 0 0
18932779610341376 0 0 0 0 0 0 0 0 0 0 0 0 0
18703118818829156 14183027355902770 27919898764115968 0 0 0 0 0 0 0 0 0 0 0
18932702501873732 18903143899410768 11627624069802064 11614429763289906 18904243846529832 22281892026404676 15555079888382020 11614314251371316 18915187422154536 18917270481355560 18932779357392680 18918460188993596 22281943566920004 15526544126001952
19777088624601160 11649537817142116 27919898764115968 0 0 0 0 0 0 0 0 0 0 0
18932779609965392 18903067225842480 27975301214712132 11326409273197380 18932779605557248 0 0 0 0 0 0 0 0 0
27920325633323620 11368061868401460 27975301214712372 0 0 0 0 0 0 0 0 0 0 0
18977996725773156 11368023649429860 13837779882697572 11333130898319428 30444803506531360 0 0 0 0 0 0 0 0 0
18977996725773156 11368023649429860 13866405688717924 27975047275358564 11333130898321988 30434481856839680 0 0 0 0 0 0 0 0
18932663545964868 18903229935084388 27975085493269348 11346038244926308 27975300393427764 17256972436897792 0 0 0 0 0 0 0 0
27920325633336164 13866114264679208 22282029184017252 27975089093869568 0 0 0 0 0 0 0 0 0 0
18945973296123688 27920325633336164 13866113965173072 18858823439613952 0 0 0 0 0 0 0 0 0 0
18932779609965380 18903067225837380 18858823439613952 0 0 0 0 0 0 0 0 0 0 0
18932848597877504 0 0 0 0 0 0 0 0 0 0 0 0 0
18932831149576004 18858823439613952 0 0 0 0 0 0 0 0 0 0 0 0
18977996725773096 18977748452655980 11649751724551168 0 0 0 0 0 0 0 0 0 0 0
22064111955436328 27975085493269092 27975047455531876 14073748835532800 0 0 0 0 0 0 0 0 0 0
18932779609965372 18858823439613952 0 0 0 0 0 0 0 0 0 0 0 0
18932779612057956 11332844293138510 18932668346288220 27920162082521088 0 0 0 0 0 0 0 0 0 0
22303881959457576 17257012404627516 22281891724411716 11614314249667396 18858823439613952 0 0 0 0 0 0 0 0 0
22064111955436388 27920188338864128 0 0 0 0 0 0 0 0 0 0 0 0
18946110888567652 27910292736926512 0 0 0 0 0 0 0 0 0 0 0 0
18932779610679364 18904191854268200 23436379232927744 0 0 0 0 0 0 0 0 0 0 0
18932779610751804 22236523160141824 0 0 0 0 0 0 0 0 0 0 0 0
18932702015341352 22281891759728708 18932715084792616 17257012219691844 14412686871966276 18932701848348996 11326409272413952 0 0 0 0 0 0 0
18702981226785832 18977570695413760 0 0 0 0 0 0 0 0 0 0 0 0
18932710638830376 17257012218905384 18932779324359492 11326409272410948 13847537895289668 18932714732080936 9007199254740992 0 0 0 0 0 0 0
27920325633321060 27920076522021732 27910430025460068 14464502332613428 0 0 0 0 0 0 0 0 0 0
22345586932146984 18926233645703984 0 0 0 0 0 0 0 0 0 0 0 0
18931880833318912 0 0 0 0 0 0 0 0 0 0 0 0 0
18967887211604068 27975086112974908 22281775964170564 11336141651716422 11631906337532200 17257012755850084 27975300386127872 0 0 0 0 0 0 0
18932663545964868 18903229935084388 11333130898334512 11649542108237608 27922524656591716 14477695647567616 0 0 0 0 0 0 0 0
18932916749034340 14183027355902770 27919898764115968 0 0 0 0 0 0 0 0 0 0 0
22064111951561512 27966551912964904 17257012940316672 0 0 0 0 0 0 0 0 0 0 0
18977996742535236 30444803338759208 27910429189825380 27975085493266500 30444803506531360 0 0 0 0 0 0 0 0 0
27920324642095912 17257012755850084 27975300388768040 11649752565494016 0 0 0 0 0 0 0 0 0 0
18967895801541232 27920324640984872 25735479964149820 22282077247467048 18932663845471016 22281891575966020 22282029184017204 18858823439613952 0 0 0 0 0 0
19812312141751140 27920184144560128 0 0 0 0 0 0 0 0 0 0 0 0
22345586932146984 18977748456517956 30399297484750848 0 0 0 0 0 0 0 0 0 0 0
18932701847562564 11332929467204460 11614605872935236 11326409273197412 14183027355887696 27922524656591716 14400729829605376 0 0 0 0 0 0 0
18944801221655876 11346038244860772 27975300374802984 17257012120201540 11326409273140020 27975301215433504 0 0 0 0 0 0 0 0
22303881959450692 22310363266492740 18904191854268200 18903139736954980 14183027355902770 11649546407076708 27922097787371520 0 0 0 0 0 0 0
18912988400665392 0 0 0 0 0 0 0 0 0 0 0 0 0
18967887211619172 27920233771565056 0 0 0 0 0 0 0 0 0 0 0 0
27920071892609380 27975047272676676 11649751720132608 0 0 0 0 0 0 0 0 0 0 0
18944758272049960 17257012406727012 27975300223550248 17257012404627524 11584742965324132 13827458230910976 0 0 0 0 0 0 0 0
18932663644144444 18858823439613952 0 0 0 0 0 0 0 0 0 0 0 0
22345586932147044 31016123507933184 0 0 0 0 0 0 0 0 0 0 0 0
18932490718674944 0 0 0 0 0 0 0 0 0 0 0 0 0
18977996725773156 27975085930053632 0 0 0 0 0 0 0 0 0 0 0 0
23471491318493540 27975301211452208 9007199254740992 0 0 0 0 0 0 0 0 0 0 0
18977996725758020 30444803338759208 27910429036735528 27920188341576496 27910292736926504 18977748452655980 11649498626140516 14147880507932672 0 0 0 0 0 0
18946110905332080 27975300375864116 27975300222373672 31352789672132608 0 0 0 0 0 0 0 0 0 0
18932663545964880 0 0 0 0 0 0 0 0 0 0 0 0 0
18967887211619172 14183027355902768 14073748835532800 0 0 0 0 0 0 0 0 0 0 0
18932826401620776 18903067225834280 18904244382950244 27975090761327460 27920114049351680 0 0 0 0 0 0 0 0 0
18932663845471016 18904076341822208 0 0 0 0 0 0 0 0 0 0 0 0
18932779608194384 11627624350613504 0 0 0 0 0 0 0 0 0 0 0 0
18932706494858024 17257012755784548 27975300373754428 22271707532230656 0 0 0 0 0 0 0 0 0 0
27920325633323620 11368061867352932 14464502332613428 14073748835532800 0 0 0 0 0 0 0 0 0 0
18967887211621988 11332844105302016 0 0 0 0 0 0 0 0 0 0 0 0
18932779609965380 18932830021091328 0 0 0 0 0 0 0 0 0 0 0 0
18702981666045952 0 0 0 0 0 0 0 0 0 0 0 0 0
18932702300549700 14429179981610308 18903067225834300 18932714732464452 14399505617332304 11614429928506152 18912872636171048 17257012220854272 0 0 0 0 0 0
18967887211619120 27975047270982500 27921424299589632 0 0 0 0 0 0 0 0 0 0 0
18932848327671120 11626408879269956 11614318546331716 11614141324197888 0 0 0 0 0 0 0 0 0 0
22303929051991848 22310478877511504 11326409272020776 22322457894398268 22271707532230656 0 0 0 0 0 0 0 0 0
22064111955436388 11368061865961532 22281866455285760 0 0 0 0 0 0 0 0 0 0 0
18932779609975808 0 0 0 0 0 0 0 0 0 0 0 0 0
18977859133729832 11333130896222286 18926233644314948 17243976541355332 13837642274587452 22281891575196712 11333130896239648 0 0 0 0 0 0 0
18979986134476900 13901552379192112 11649498523576676 11368066162307940 27975300224856872 18903105242940968 19703248369745920 0 0 0 0 0 0 0
22064120545358436 13901552379192112 27975300392629348 27975301211567136 0 0 0 0 0 0 0 0 0 0
18932702015341380 14429064018486068 27975047472309092 27922321817940548 18932702200659968 0 0 0 0 0 0 0 0 0
18932826571485540 27975301211442728 18904191854269224 27922524656594532 14129961367502848 0 0 0 0 0 0 0 0 0
18932702301335808 0 0 0 0 0 0 0 0 0 0 0 0 0
22303881992293948 18903229935084388 27975085493269092 27910430028673616 14400639471537960 17256834997944320 0 0 0 0 0 0 0 0
18932826852834644 11626524838985728 0 0 0 0 0 0 0 0 0 0 0 0
22345586932131908 30444804326835052 11649537280835584 0 0 0 0 0 0 0 0 0 0 0
18932779609958460 22281943563370496 0 0 0 0 0 0 0 0 0 0 0 0
22064111955436388 27919898764115968 0 0 0 0 0 0 0 0 0 0 0 0
18967887211619172 14182773412160356 27975085637763072 0 0 0 0 0 0 0 0 0 0 0
22046480475826472 17257012755850084 13901298621697620 13836517645040976 11649751741328416 0 0 0 0 0 0 0 0 0
18912962632954468 27975300409418596 27920324808081408 0 0 0 0 0 0 0 0 0 0 0
18932779609968452 11326409272410880 0 0 0 0 0 0 0 0 0 0 0 0
18932827390307940 11345049413691716 11661846202237736 31016123507933184 0 0 0 0 0 0 0 0 0 0
27920325633323620 11368061867352884 27975300426195812 27924723679834724 14464299690885120 0 0 0 0 0 0 0 0 0
18932776099119104 0 0 0 0 0 0 0 0 0 0 0 0 0
18932779073094468 0 0 0 0 0 0 0 0 0 0 0 0 0
18932702501873732 18903143899410768 11627624069802064 11614429763289906 18904243846529832 22281892026404676 15555079888382020 11614314251371316 18915187423917352 18904191854658372 14695312899913276 18932663545964880 18918374288861520 18920684390449152
18932779156587304 18858823439613952 0 0 0 0 0 0 0 0 0 0 0 0
22345586932147044 14183027356623664 14108933207621632 0 0 0 0 0 0 0 0 0 0 0
18912988402758244 27975301211505456 0 0 0 0 0 0 0 0 0 0 0 0
22345586932146984 27975085491171880 22310363266492772 14464502332613426 14400729869673316 11346038248125472 0 0 0 0 0 0 0 0
18703118818829096 18702870549571648 32133653345599488 0 0 0 0 0 0 0 0 0 0 0
18946029130699560 11346148942897968 27975047275358564 11333130898334512 18977570695413760 0 0 0 0 0 0 0 0 0
18967887211604028 22281995829140836 11326426453864008 26231048903852032 0 0 0 0 0 0 0 0 0 0
18946110888567592 18932753838465892 27920238066532352 0 0 0 0 0 0 0 0 0 0 0
22303881959457576 17257012404627516 22281891724411688 18904191871435580 18858823439613952 0 0 0 0 0 0 0 0 0
27920325630124900 27922524656591668 27975300224856360 27921424336551936 0 0 0 0 0 0 0 0 0 0
18932831147803432 22310478202011648 0 0 0 0 0 0 0 0 0 0 0 0
18932701847562564 22322457996374628 27975301211505516 11614352806182912 0 0 0 0 0 0 0 0 0 0
18932779610751812 22236523160141824 0 0 0 0 0 0 0 0 0 0 0 0
18977996725758020 30444803338759208 27910338842021672 17257012755186540 11649537280835584 0 0 0 0 0 0 0 0 0
18932702015341380 11346037709156676 18932710889374532 18916170969727796 18932779357916928 0 0 0 0 0 0 0 0 0
19777088624601160 11649537817142116 11368061865964100 18903092798695748 11333130896224828 22236523160141824 0 0 0 0 0 0 0 0
27920325633323632 27975301211513648 0 0 0 0 0 0 0 0 0 0 0 0
18945973296123688 27920325629464360 27910343156246608 11649536686555136 0 0 0 0 0 0 0 0 0 0
22310363369189732 31071572360505412 31017650073333296 11649546407076648 19748755212551712 0 0 0 0 0 0 0 0 0
18977996742550372 13914745526374184 25735479964152164 14073748835532800 0 0 0 0 0 0 0 0 0 0
18977996725773156 11368023649429860 13837779882682436 30444803338759208 27910292736926504 18977748453311340 0 0 0 0 0 0 0 0
22303881959457576 17257012218314064 11614314151487822 13827458230910976 0 0 0 0 0 0 0 0 0 0
18977859586704236 0 0 0 0 0 0 0 0 0 0 0 0 0
19812312141751140 11332057156497664 0 0 0 0 0 0 0 0 0 0 0 0
18977996725773156 11332057156510512 0 0 0 0 0 0 0 0 0 0 0 0
18932663644144424 18904191179161600 0 0 0 0 0 0 0 0 0 0 0 0
18932779509284864 0 0 0 0 0 0 0 0 0 0 0 0 0
18977996725773156 11333130898319460 13837779882697512 18977748452655980 11649498626140516 14147879971061760 0 0 0 0 0 0 0 0
22064111955434352 20368878781419304 31016260946886656 0 0 0 0 0 0 0 0 0 0 0
19777088624601156 30444665899985192 18977747920224256 0 0 0 0 0 0 0 0 0 0 0
18932779073798144 0 0 0 0 0 0 0 0 0 0 0 0 0
18977859133729832 18903229935084388 11333130898334512 11649542112109412 27921287852589056 0 0 0 0 0 0 0 0 0
18946110888567652 27975086110162256 11607883556847616 0 0 0 0 0 0 0 0 0 0 0
18932710638830404 13866114065055044 14147704553679172 18932702015334724 14429179981610320 0 0 0 0 0 0 0 0 0
18932702015341360 11332843567856976 11626408878095696 11649546407061572 30444804326835052 11649544739618816 0 0 0 0 0 0 0 0
27920325630124900 27922524656579684 27975103646229348 15308673856383332 14182821194392372 15199648742375424 0 0 0 0 0 0 0 0
18932779156973924 13901551389336360 21999291969650000 11649537477791272 17257012120199168 0 0 0 0 0 0 0 0 0
27920324642161448 27910343588660016 18903067225837380 18914225044848640 0 0 0 0 0 0 0 0 0 0
22310478878288196 22236523160141824 0 0 0 0 0 0 0 0 0 0 0 0
18946110888567652 27975086126399488 0 0 0 0 0 0 0 0 0 0 0 0
18932831365905748 11584794941139280 27920372874101612 11649498626140516 27920188340961280 0 0 0 0 0 0 0 0 0
18967887208407908 27975300392641332 27975301214712116 0 0 0 0 0 0 0 0 0 0 0
18967887211604028 22282076260872804 27975301211498864 13865941137883136 0 0 0 0 0 0 0 0 0 0
18932779610751744 0 0 0 0 0 0 0 0 0 0 0 0 0
18967891507307312 27987396027167088 14073748835532800 0 0 0 0 0 0 0 0 0 0 0
18932827390307940 11333130899055400 22029003920388384 0 0 0 0 0 0 0 0 0 0 0
18944758272049960 17257012215676928 0 0 0 0 0 0 0 0 0 0 0 0
18950508935799592 31071272736729424 11332843567926824 18904191179161600 0 0 0 0 0 0 0 0 0 0
18926181411717120 0 0 0 0 0 0 0 0 0 0 0 0 0
18932663644137540 11614430412406784 0 0 0 0 0 0 0 0 0 0 0 0
22303881959457576 17257012404627516 22281891724411716 11614430114807808 0 0 0 0 0 0 0 0 0 0
22345586932146984 18977748452655980 11649537280835584 0 0 0 0 0 0 0 0 0 0 0
18946110888567652 27975084798902272 0 0 0 0 0 0 0 0 0 0 0 0
27920325633321028 30444804327424808 27921425144948804 30444804327483688 22281891574796072 22310363364672256 0 0 0 0 0 0 0 0
18932702032118596 11326409272409412 13866230028190514 18932779156973628 22281892227793712 11332954786572612 14412575638638368 0 0 0 0 0 0 0
18946110905344868 11346286517379940 11345049413308200 21999317103618404 27920076525220352 0 0 0 0 0 0 0 0 0
18932916749034340 11332844108591360 0 0 0 0 0 0 0 0 0 0 0 0
18932663644148548 11332843565219840 0 0 0 0 0 0 0 0 0 0 0 0
22303929051991848 27920325633336104 27920076169035088 11607883556847616 0 0 0 0 0 0 0 0 0 0
18932831365905748 11584794941139284 18950427177210664 11346149376610116 18858823439613952 0 0 0 0 0 0 0 0 0
18932779306205992 18904191871428668 22281939271040336 11626524541013792 0 0 0 0 0 0 0 0 0 0
18932663545964880 18932663545964868 14399544272044868 14710581944861488 17243929296326440 18932779306205992 18914087458918184 18932710638821376 0 0 0 0 0 0
18967887396168488 21999291969650000 11661631906074368 0 0 0 0 0 0 0 0 0 0 0
22064111955436328 18977748456517888 0 0 0 0 0 0 0 0 0 0 0 0
18932779608195880 11332843570397184 0 0 0 0 0 0 0 0 0 0 0 0
27920325634122544 0 0 0 0 0 0 0 0 0 0 0 0 0
18945973749501540 13913646015857448 18904191874261800 23436268288409600 0 0 0 0 0 0 0 0 0 0
18944758272049960 17257012404629828 18914087911113524 18932779608847104 0 0 0 0 0 0 0 0 0 0
18932663644137540 11649537817142116 27919898764115968 0 0 0 0 0 0 0 0 0 0 0
18932663545964868 18932702298783056 11626409062056752 17257012755850084 27975300388840244 27975301214712576 0 0 0 0 0 0 0 0
18932663545964880 18932663545964868 14399544272044868 14710581944861488 17243929296326440 18926182539012164 11614357199277864 18932710638821376 0 0 0 0 0 0
18932779811274752 0 0 0 0 0 0 0 0 0 0 0 0 0
18932663644147524 11326409272393728 0 0 0 0 0 0 0 0 0 0 0 0
18703118818829156 27975084798902272 0 0 0 0 0 0 0 0 0 0 0 0
18932831147801936 11649537817142056 22282030002798592 0 0 0 0 0 0 0 0 0 0 0
22303881959450692 22310363266492740 18932667939044688 11614314434734376 27921425144963940 14119254876185444 27975093388836864 0 0 0 0 0 0 0
18932779156590376 22310410611016500 18914087912288572 18932663545964868 18932701847562564 14147705004831812 9007199254740992 0 0 0 0 0 0 0
27920325630124900 27922524656579684 27975103646229304 27975300375852900 14182821194392372 27925632545456128 0 0 0 0 0 0 0 0
22304019399274056 26286498595887984 20368927018398000 9007199254740992 0 0 0 0 0 0 0 0 0 0
18977859486023680 0 0 0 0 0 0 0 0 0 0 0 0 0
18944758272049960 17257012218323760 27975301214712104 27921425144963940 14108933207621632 0 0 0 0 0 0 0 0 0
18702981226721832 11332057154351616 0 0 0 0 0 0 0 0 0 0 0 0
18932826571485540 27910338842405188 11649751573539172 13878324203704104 27922524656594532 14129961367502848 0 0 0 0 0 0 0 0
22303881959457576 17257012755850084 27975300372635648 0 0 0 0 0 0 0 0 0 0 0
22310363902075748 27910292736926564 13837527298499438 27987395016745780 27975301214712644 30399297484750848 0 0 0 0 0 0 0 0
18945973296123688 27920325633336164 13792273858822144 0 0 0 0 0 0 0 0 0 0 0
18979981839524648 17257012625557596 27920162082521088 0 0 0 0 0 0 0 0 0 0 0
18932779609960772 11326409273124942 11332877829482852 14183027352031016 27975089788236644 27975301211561984 0 0 0 0 0 0 0 0
18977996725773156 11333130898319460 13837779882697572 27910292736926512 18977708134367232 0 0 0 0 0 0 0 0 0
18932779325473576 17257012755784548 11368023649429860 27920234613134120 22000300987459900 22236523160141824 0 0 0 0 0 0 0 0
18944758272049960 17257012406727012 27975047275358564 11333130898321664 0 0 0 0 0 0 0 0 0 0
18912988400272196 13792273858822144 0 0 0 0 0 0 0 0 0 0 0 0
18912872336664912 18903067225837124 11326409272406312 22281891741191976 18903067225837124 11326409273131826 11326409268002816 0 0 0 0 0 0 0
18932779609965380 18932490718674944 0 0 0 0 0 0 0 0 0 0 0 0
22345586932147044 27920188338864128 0 0 0 0 0 0 0 0 0 0 0 0
27920325633336112 27922523664623972 27923624168219492 14745771150893872 14073748835532800 0 0 0 0 0 0 0 0 0
18932831685272420 27975300369350656 0 0 0 0 0 0 0 0 0 0 0 0
18932831147801936 11614404447777124 27975301211422720 0 0 0 0 0 0 0 0 0 0 0
18967887078115420 27910266480586280 27910266480583472 18977747915785000 11332843565219840 0 0 0 0 0 0 0 0 0
18977996725773156 27975085926268240 18932663545964880 27922524656576612 27921218012063804 22281866455285760 0 0 0 0 0 0 0 0
18967887211619112 27975085492217916 22281775964170576 0 0 0 0 0 0 0 0 0 0 0
18932663847168060 22281939808510820 27975047275358564 13837642189963264 0 0 0 0 0 0 0 0 0 0
18932779609965352 18904191179161600 0 0 0 0 0 0 0 0 0 0 0 0
18932701847562564 11332929467204460 11614314299992134 11617617080042280 17257012421404740 9937563849745252 27975047476097892 27975301211564388 14073748835532800 0 0 0 0 0
18932779608785704 17257012403588648 18912962830492464 27975047270982500 27921334311007056 11332843567316992 0 0 0 0 0 0 0 0
18944801221655888 11614477359458404 13901552379192112 11649546407061572 30444804330697268 0 0 0 0 0 0 0 0 0
18932779157760324 11332843565219840 0 0 0 0 0 0 0 0 0 0 0 0
18932831365905748 11584794941139280 27920325633321060 27920076252922664 17256972436897792 0 0 0 0 0 0 0 0 0
18932701847562564 14147705004697668 11614314450993970 0 0 0 0 0 0 0 0 0 0 0
18932702015341380 14429064018477876 17243929296326440 18932779340546856 18914087912288592 0 0 0 0 0 0 0 0 0
18932779609965380 0 0 0 0 0 0 0 0 0 0 0 0 0
22345586932147044 14183027355902768 14073748835532800 0 0 0 0 0 0 0 0 0 0 0
18910789075419972 18932702719967232 0 0 0 0 0 0 0 0 0 0 0 0
18946110905344816 27910338862015272 31071311206305604 11649541774453070 14429180165374788 14400592226897704 22310478877501736 18904243255640064 0 0 0 0 0 0
18912988936430388 27920325633336116 27975099348050788 27924723679847268 14975348370309120 0 0 0 0 0 0 0 0 0
18932663545964868 14399492732437316 14710581944468264 18904192005260100 11326409272410948 13836542779011652 18932710638813184 0 0 0 0 0 0 0
18932779609965352 17257012215676928 0 0 0 0 0 0 0 0 0 0 0 0
18946029130698536 11345049413691708 22281960745336832 0 0 0 0 0 0 0 0 0 0 0
18932779611017256 17257011768148804 18932668209251140 18858823439613952 0 0 0 0 0 0 0 0 0 0
27920325093245736 17257012404627516 22281891745063728 0 0 0 0 0 0 0 0 0 0 0
22046480475826472 17257012755850084 13901298621687886 23416471964035388 22281891575196712 18977748456518212 30434481856839680 0 0 0 0 0 0 0
18932753838392104 18858823439613952 0 0 0 0 0 0 0 0 0 0 0 0
18967887211619112 18904329293605220 13792273858822144 0 0 0 0 0 0 0 0 0 0 0
22345586932131908 30444803338759208 27975085930053632 0 0 0 0 0 0 0 0 0 0 0
27920325633323620 11368061867355748 14464502332613426 14390408184332288 0 0 0 0 0 0 0 0 0 0
18932779608195880 11346037709144064 0 0 0 0 0 0 0 0 0 0 0 0
18932779609965380 18858823439613952 0 0 0 0 0 0 0 0 0 0 0 0
27920325633323620 27922524656591716 14464501510516992 0 0 0 0 0 0 0 0 0 0 0
22041236120757092 27975084798902272 0 0 0 0 0 0 0 0 0 0 0 0
18932779510071296 0 0 0 0 0 0 0 0 0 0 0 0 0
18912988400665412 18932701172072448 0 0 0 0 0 0 0 0 0 0 0 0
22303881959457576 17257012404627516 22281891724411716 17243818080550212 0 0 0 0 0 0 0 0 0 0
18977859133729832 18977570695413760 0 0 0 0 0 0 0 0 0 0 0 0
23471487023539044 11326409273994824 26231186342805504 0 0 0 0 0 0 0 0 0 0 0
18977996725773156 11333002030428740 18932779323048744 17257012406727524 27975301211564388 27919898764115968 0 0 0 0 0 0 0 0
18932702199890756 18932701172072448 0 0 0 0 0 0 0 0 0 0 0 0
18932779609958468 18904192207749120 0 0 0 0 0 0 0 0 0 0 0 0
18946110905332080 27975300375849040 18904329480251452 22282030002225960 31352789672132608 0 0 0 0 0 0 0 0 0
22303881959457576 17257012404627516 22281891724411716 11614430213718824 18858823439613952 0 0 0 0 0 0 0 0 0
27920325633323620 14464248929542962 27920076522152804 27975103646229348 14464299690885120 0 0 0 0 0 0 0 0 0
18932779156980520 18926232951324672 0 0 0 0 0 0 0 0 0 0 0 0
18932779811291972 0 0 0 0 0 0 0 0 0 0 0 0 0
18932779609965380 18932779609965380 22236523160141824 0 0 0 0 0 0 0 0 0 0 0
22345586928272236 11649752561632108 11649537280835584 0 0 0 0 0 0 0 0 0 0 0
22028888289782096 0 0 0 0 0 0 0 0 0 0 0 0 0
18932779607868160 0 0 0 0 0 0 0 0 0 0 0 0 0
18703118818829156 27910288542622512 0 0 0 0 0 0 0 0 0 0 0 0
18932779609965380 18932779609965380 18932779610734592 0 0 0 0 0 0 0 0 0 0 0
18932663545964880 27920325633336164 13792273858822144 0 0 0 0 0 0 0 0 0 0 0
27920325629464360 27910343156249168 18932710438283588 18916261165738044 22281891575966012 18932715084788580 14127624905293824 0 0 0 0 0 0 0
27920372877976360 18903067225837136 11649536149684224 0 0 0 0 0 0 0 0 0 0 0
22310402020688708 14147627695417412 30444665899402024 18977747916433476 30444666082575212 11614605872950304 0 0 0 0 0 0 0 0
18932663644144452 22310453757607936 0 0 0 0 0 0 0 0 0 0 0 0
18932663545964900 13901552379192112 0 0 0 0 0 0 0 0 0 0 0 0
27921425144951152 27910430028673380 14119254892962660 14464502332613428 31019559481769984 0 0 0 0 0 0 0 0 0
18932831365905744 11584794941139280 18932490718674944 0 0 0 0 0 0 0 0 0 0 0
18932706142529860 13866230027404072 11332877493154364 22236523160141824 0 0 0 0 0 0 0 0 0 0
18946110905347684 13901599624553264 31017223019560960 0 0 0 0 0 0 0 0 0 0 0
18977859301098280 18977747916499012 30444666050788676 18932702299433028 30444666082575212 11614605717536768 0 0 0 0 0 0 0 0
18932663644147240 17257012120190976 0 0 0 0 0 0 0 0 0 0 0 0
27920325633323620 11368061866831432 26286245196030820 27922312535736320 0 0 0 0 0 0 0 0 0 0
22310478878288196 11346037709930496 0 0 0 0 0 0 0 0 0 0 0 0
18932779811285052 22282029167240036 11344938736496896 0 0 0 0 0 0 0 0 0 0 0
18944873784495912 18926182087207248 22562241923065936 18904243842842624 0 0 0 0 0 0 0 0 0 0
22303881958736708 11326409273127168 0 0 0 0 0 0 0 0 0 0 0 0
18932779156973892 11332843565219840 0 0 0 0 0 0 0 0 0 0 0 0
18932779612057956 11332844293138510 18932668664328528 23406666853197884 22281938819819844 9007199254740992 0 0 0 0 0 0 0 0
18932826571485552 27975301211442728 18904191854269224 27922524656594532 14129961367502848 0 0 0 0 0 0 0 0 0
22291924771890020 27975086110163780 11614314151487844 14464502332613426 14390408184332288 0 0 0 0 0 0 0 0 0
18912988401451844 13792273858822144 0 0 0 0 0 0 0 0 0 0 0 0
18932779609965348 18858823439613952 0 0 0 0 0 0 0 0 0 0 0 0
27920325630124900 27910343588668200 18932753838392104 11332843135513200 27920162084618240 0 0 0 0 0 0 0 0 0
27920325629461288 27975090758050612 27975099351262052 14992130471125812 14963679806317362 0 0 0 0 0 0 0 0 0
18932831147801936 11649537817142116 27919898764115968 0 0 0 0 0 0 0 0 0 0 0
18977859584934696 18858823439613952 0 0 0 0 0 0 0 0 0 0 0 0
18932710638830404 13866114065064754 27975047472309092 27920114204750660 18932714733250884 9925428902887424 0 0 0 0 0 0 0 0
18932779609965380 18932779609958460 22281943563370496 0 0 0 0 0 0 0 0 0 0 0
18932779878400836 0 0 0 0 0 0 0 0 0 0 0 0 0
27920325633323620 27922524653511524 27975300426195764 27975090758025216 0 0 0 0 0 0 0 0 0 0
18932779609965168 0 0 0 0 0 0 0 0 0 0 0 0 0
18932779608654652 18910788248928256 0 0 0 0 0 0 0 0 0 0 0 0
18967887396168488 21999291969650000 11661631906074400 0 0 0 0 0 0 0 0 0 0 0
18932779609965360 18932779608768512 0 0 0 0 0 0 0 0 0 0 0 0
18977996725773156 11333130898319460 13837779882682436 30444803338759208 27975047275358564 14147880507932672 0 0 0 0 0 0 0 0
22303881959457576 17257012404627516 22281891724411716 11614314249667328 0 0 0 0 0 0 0 0 0 0
18932663648528680 18977747920224256 0 0 0 0 0 0 0 0 0 0 0 0
18946020541147460 11326409273140016 27975300222774312 27975084798902272 0 0 0 0 0 0 0 0 0 0
22303881976234792 17257012218898500 18932779608779076 11326409273127424 0 0 0 0 0 0 0 0 0 0
18944758272049960 17257012421407036 18932663545964868 18903092358038312 18912836948328448 0 0 0 0 0 0 0 0 0
18967887211619112 18702870549573888 0 0 0 0 0 0 0 0 0 0 0 0
18932831149555712 0 0 0 0 0 0 0 0 0 0 0 0 0
18932663644147268 11326409273127236 18903067225837096 18912962830492464 27975047275358564 27910292736926512 0 0 0 0 0 0 0 0
18932779610679364 18904329446697060 27910430025403944 17257012120201540 11336141651716422 11626408779393340 22236523160141824 0 0 0 0 0 0 0
18967887211604036 11649498823090984 18904329440198656 0 0 0 0 0 0 0 0 0 0 0
27920325633336164 13792273858822144 0 0 0 0 0 0 0 0 0 0 0 0
18977996725773156 11339441178358016 0 0 0 0 0 0 0 0 0 0 0 0
18946110888567652 11345049413308200 21999317103618404 27920188338864128 0 0 0 0 0 0 0 0 0 0
18932663644147240 18903067225834308 30444803491849060 27975085335773184 0 0 0 0 0 0 0 0 0 0
18926183075898212 27975300369350656 0 0 0 0 0 0 0 0 0 0 0 0
18945973950808064 0 0 0 0 0 0 0 0 0 0 0 0 0
18967887211619172 27920186526924800 0 0 0 0 0 0 0 0 0 0 0 0
18932779156973904 0 0 0 0 0 0 0 0 0 0 0 0 0
22345586932146984 22282030002798592 0 0 0 0 0 0 0 0 0 0 0 0
18932710638830404 13866114065064754 27975047472309092 27920114204750660 18903143899411536 9007199254740992 0 0 0 0 0 0 0 0
18913125556511588 27975090758181732 14745977309324084 27975085654540288 0 0 0 0 0 0 0 0 0 0
22303881958739524 11326409273127200 0 0 0 0 0 0 0 0 0 0 0 0
27920071890920292 11346038248137520 18932779609965312 0 0 0 0 0 0 0 0 0 0 0
18926182541240380 22281960747646276 0 0 0 0 0 0 0 0 0 0 0 0
18932831365905748 11584794941139280 27921425144951152 27910266480583464 18977748452655912 27920324804739072 0 0 0 0 0 0 0 0
18967887207744296 27921424339657572 27975095056294704 27923624168219492 13849448463466496 0 0 0 0 0 0 0 0 0
18932779609958460 22281943566723140 11332843569624132 14147705004703044 18903067225834300 18932701847562564 14118030640621648 11614429946069800 18903067225834320 0 0 0 0 0
22304019416051272 26286197312530788 13892803077432104 17257012625557596 27920291456376112 9007199254740992 0 0 0 0 0 0 0 0
22345586928272236 11649751573556264 27910292736926512 18977570695413760 0 0 0 0 0 0 0 0 0 0
18977996725773156 27910292736926512 0 0 0 0 0 0 0 0 0 0 0 0
18977996725773156 11368276746126120 27921425144948804 30444804327483716 11333130894459756 11614605180665856 0 0 0 0 0 0 0 0
18932663644144464 18926232951324672 0 0 0 0 0 0 0 0 0 0 0 0
27920325633336164 13883821086736384 0 0 0 0 0 0 0 0 0 0 0 0
18932826571485552 27910291616654120 18903105242940968 19748754375459624 17257012755915620 27987395017383936 0 0 0 0 0 0 0 0
18932779609965312 0 0 0 0 0 0 0 0 0 0 0 0 0
18945973296123688 27920325633338980 13827458230910976 0 0 0 0 0 0 0 0 0 0 0
22046480475826472 17257012755915620 14182773598398532 27920325633336164 13837690238806076 22281866457998180 14429064067098694 11617439859081216 0 0 0 0 0 0
18977996725773156 11368276747840552 27921425141089132 11649498626140516 11333130898321988 30434481856839680 0 0 0 0 0 0 0 0
18932701848355624 17257012402864944 17257012755850084 11333130898334504 18977748453304644 17243640858411008 0 0 0 0 0 0 0 0
18932827390307940 11333130899055400 22028888387954756 11614292959391280 0 0 0 0 0 0 0 0 0 0
27920325633323620 11368061867340644 27975301211579188 27975301214712372 0 0 0 0 0 0 0 0 0 0
18932753838392104 17243929315586404 27975047472309092 13837779882697572 11346038248124928 0 0 0 0 0 0 0 0 0
18932779609958468 18904192508962876 22282029167240036 27975085925612880 11627624353252164 11614430215471104 0 0 0 0 0 0 0 0
18932916749034340 27987179426807808 0 0 0 0 0 0 0 0 0 0 0 0
18946029130698536 11346148942889768 18702870008841068 11584744087700082 0 0 0 0 0 0 0 0 0 0
27920325633321060 27920076522021732 27975300386127872 0 0 0 0 0 0 0 0 0 0 0
18977996725773096 18977748452664104 18977748453239140 14182773416536420 27910292736926564 14147880507932672 0 0 0 0 0 0 0 0
18944758272058160 31071272740006000 13837689518500164 11626408877572864 0 0 0 0 0 0 0 0 0 0
18932663644144452 11332843116636496 0 0 0 0 0 0 0 0 0 0 0 0
22303881976234792 17257012218898500 18932779609960744 18903067225837104 9007199254740992 0 0 0 0 0 0 0 0 0
22310479029289768 22281776064833860 11346037707984640 0 0 0 0 0 0 0 0 0 0 0
18967887211604036 11649751574325604 13792273858822144 0 0 0 0 0 0 0 0 0 0 0
18977859584607044 22310363266492752 27920325633336104 18977748453228544 0 0 0 0 0 0 0 0 0 0
18932663545964880 27920325633321028 30444804327407616 0 0 0 0 0 0 0 0 0 0 0
18977996725773156 11333130898319460 13837779882682436 30444803338759208 27910292736926504 18977748453311340 0 0 0 0 0 0 0 0
18932779156973864 18904191179161600 0 0 0 0 0 0 0 0 0 0 0 0
18945011376939876 27975084798902272 0 0 0 0 0 0 0 0 0 0 0 0
18926182540197188 0 0 0 0 0 0 0 0 0 0 0 0 0
18932663545964880 18932663545964868 13836594318623556 14147636286407476 17243929296326440 18932779356537640 18915186971715908 18914010598473728 0 0 0 0 0 0
18967887211604068 27910338842021672 17257012755779368 21999291969650000 0 0 0 0 0 0 0 0 0 0
22310410795172648 27920325633336164 13866405688717924 27910292736926564 27921334410624336 0 0 0 0 0 0 0 0 0
22345586932147044 11333130898321664 0 0 0 0 0 0 0 0 0 0 0 0
18977996725773156 27910288542622512 0 0 0 0 0 0 0 0 0 0 0 0
22046480475826472 17257012755850084 13901298621301582 23416471964035388 22282030002881388 9007199254740992 0 0 0 0 0 0 0 0
22303881959457576 17257012404627516 22281891724411688 18932490718674944 0 0 0 0 0 0 0 0 0 0
22310479533912420 27975301211422720 0 0 0 0 0 0 0 0 0 0 0 0
18903229935084388 27975085493269092 27975301211488256 0 0 0 0 0 0 0 0 0 0 0
18932779609965352 22281892023762944 0 0 0 0 0 0 0 0 0 0 0 0
18932826401628976 27910304501556068 27920188341576496 27910430024819556 14159683569789244 22281891575376168 19748629687183420 22281866455285760 0 0 0 0 0 0
18932663644147300 13913646015147048 31071272201037892 11614319266562048 0 0 0 0 0 0 0 0 0 0
18932779608195880 18945684858208256 0 0 0 0 0 0 0 0 0 0 0 0
18932779609958468 11584742966099968 0 0 0 0 0 0 0 0 0 0 0 0
18932916749034340 27975084798902272 0 0 0 0 0 0 0 0 0 0 0 0
22303881959457576 17257012404627516 22281891724411716 11614430114818116 11614141324197888 0 0 0 0 0 0 0 0 0
18977859284712772 18914087610299176 18977747915783492 11333130896224808 18977747916499012 30444667038942060 0 0 0 0 0 0 0 0
18932779156973892 13836543213453938 11607832709507132 22281939271040336 11626524541013792 0 0 0 0 0 0 0 0 0
18932701847562564 11332839174777168 18903092259858788 14183027355887696 27922524656591716 14400729832309552 11332843565219840 0 0 0 0 0 0 0
18945973296507176 18904192307643176 18904192307249988 11332843468964648 17257012421404740 11614141324197888 0 0 0 0 0 0 0 0
18932831147801936 11614429087006720 0 0 0 0 0 0 0 0 0 0 0 0
18950508935799592 22028888387961640 31071272201037892 11614319266562048 0 0 0 0 0 0 0 0 0 0
18932663643751208 21999317103618108 22281939808510820 27910292736926564 13792273858822144 0 0 0 0 0 0 0 0 0
18967887211606628 27975301211513700 13865941137883136 0 0 0 0 0 0 0 0 0 0 0
18977996725773156 11368276746134322 27975047275358564 27975090225029120 0 0 0 0 0 0 0 0 0 0
18977996725773156 11368023649429860 13837779882697512 18977748452655980 11649498626140516 14147880507932672 0 0 0 0 0 0 0 0
22028888572509520 18897641890906112 0 0 0 0 0 0 0 0 0 0 0 0
18977859133729832 11333130896943164 22281866455285760 0 0 0 0 0 0 0 0 0 0 0
18977996725773156 27910292736926512 27921425144963940 14108933207621632 0 0 0 0 0 0 0 0 0 0
18946110888567652 11332929668604772 13792273858822144 0 0 0 0 0 0 0 0 0 0 0
18932663545964880 27920325633321060 27920076169035088 11607883556847616 0 0 0 0 0 0 0 0 0 0
18932779609965380 11326409273197380 0 0 0 0 0 0 0 0 0 0 0 0
18932663545964880 27920325633321040 11649751720132608 0 0 0 0 0 0 0 0 0 0 0
27921425144951132 31041813559337776 27921135714697216 0 0 0 0 0 0 0 0 0 0 0
18932719027431760 18916286934500144 18932779307582276 11326409272409412 18912872434844464 11336142102744872 18932710437497156 14681019448378152 17257012220862464 0 0 0 0 0
22064116434940252 31041813375509296 27910266480581488 20368668189786112 0 0 0 0 0 0 0 0 0 0
18945973296123688 18858823439613952 0 0 0 0 0 0 0 0 0 0 0 0
18932710638830404 13866114065056562 18932663545964868 18932702015334724 14429179981614880 0 0 0 0 0 0 0 0 0
18932779608198952 18926181411717120 0 0 0 0 0 0 0 0 0 0 0 0
22310363365195076 18914087677405252 13866156914059364 14464502332613428 11649550702044004 31019599263186256 11626524608122664 11368084315267940 27925574080488292 27975347716751360 0 0 0 0
18932779610751812 18932490718674944 0 0 0 0 0 0 0 0 0 0 0 0
18932779609965380 18932779609968384 0 0 0 0 0 0 0 0 0 0 0 0
18932826571485552 27910338842405160 18932830711669604 27920234898275664 11649546407076718 27921217855946752 0 0 0 0 0 0 0 0
18932779608195880 11332843766546432 0 0 0 0 0 0 0 0 0 0 0 0
22064112139970620 22281995829140836 27920199411826688 0 0 0 0 0 0 0 0 0 0 0
18932779610759984 27975300222756924 22281943567772004 11368061865961540 18904192305332224 0 0 0 0 0 0 0 0 0
18932779609965352 18904076341825280 0 0 0 0 0 0 0 0 0 0 0 0
18967887207744296 27910291616639044 11649498621764400 18858823439613952 0 0 0 0 0 0 0 0 0 0
18932663644152624 27975300222757220 27920238066532352 0 0 0 0 0 0 0 0 0 0 0
27921425329500528 27987395839356464 0 0 0 0 0 0 0 0 0 0 0 0
18932831365905748 11584794941139280 27920325633321060 27920076169035088 11607883556847616 0 0 0 0 0 0 0 0 0
18858823439613952 0 0 0 0 0 0 0 0 0 0 0 0 0
27921425144951120 18932916749021728 0 0 0 0 0 0 0 0 0 0 0 0
22303929051991848 27920325633336112 27975301214712112 0 0 0 0 0 0 0 0 0 0 0
18932779156973892 11326409272393728 0 0 0 0 0 0 0 0 0 0 0 0
22064112139970640 11661846372049756 31041813371499040 0 0 0 0 0 0 0 0 0 0 0
22310363366369380 13901552379192112 11649546403204904 27921425144963940 14196220687634216 27923624168204388 27923375057101668 27910288542622564 14953358137753600 0 0 0 0 0
18944758173870396 22236523160141824 0 0 0 0 0 0 0 0 0 0 0 0
18932663644147240 18903092359801156 11326409273459524 11333130895835944 18977747920224256 0 0 0 0 0 0 0 0 0
18926182540198716 18858823439613952 0 0 0 0 0 0 0 0 0 0 0 0
27921425144951132 31041813374788400 27920998275743744 0 0 0 0 0 0 0 0 0 0 0
18932710638830404 13866114065056562 17243929296326440 18932779306861352 18915187423917116 22236523160141824 0 0 0 0 0 0 0 0
18932779609963844 0 0 0 0 0 0 0 0 0 0 0 0 0
18967887211619172 11332844105322052 11326409274503780 27910429036735528 27975090421977896 22000300987459900 22236523160141824 0 0 0 0 0 0 0
18932779307975492 18932701172072448 0 0 0 0 0 0 0 0 0 0 0 0
18932779609965380 18903067225834240 0 0 0 0 0 0 0 0 0 0 0 0
18945973296123688 22064116434940260 27975047811641692 31041812548895528 17257012755915620 27975300402905088 0 0 0 0 0 0 0 0
18932663644147524 11326409273140016 27975301210850156 11649536149684224 0 0 0 0 0 0 0 0 0 0
18932826571485552 27910292736926564 27920234447055172 11326409274504036 27975348456141600 0 0 0 0 0 0 0 0 0
18944873784495912 22345586932147044 14183027355902768 14073748835532800 0 0 0 0 0 0 0 0 0 0
18897594109394944 0 0 0 0 0 0 0 0 0 0 0 0 0
18967887212340068 11332844105302016 0 0 0 0 0 0 0 0 0 0 0 0
18912988300002116 17243851311808512 0 0 0 0 0 0 0 0 0 0 0 0
18932831147801936 11626408877572904 17257012221136936 17261409814397764 11627624350613504 0 0 0 0 0 0 0 0 0
18932663845479216 27975301214712064 0 0 0 0 0 0 0 0 0 0 0 0
18932663648528708 18977570695413760 0 0 0 0 0 0 0 0 0 0 0 0
18932779609572136 18932667940425472 0 0 0 0 0 0 0 0 0 0 0 0
18932831365905748 11584794941139284 18932848329424896 0 0 0 0 0 0 0 0 0 0 0
18932663545964880 18915071458100036 18916286650336068 13859632957635920 11614430214301764 11614357201044276 14710503506968576 0 0 0 0 0 0 0
18977996725773156 11368276746134322 27910292736926564 27975090225029120 0 0 0 0 0 0 0 0 0 0
19812312141751140 11336142640202536 17257012404627516 22281939808576356 27910292736926564 14073748835532800 0 0 0 0 0 0 0 0
22345586932131908 30444804330697040 27921425144948804 30444804327490412 0 0 0 0 0 0 0 0 0 0
27920071689518416 11627624355021636 18903092358038312 11649498621689168 11627624355021636 18903092358038312 11649752565494016 0 0 0 0 0 0 0
18932702015341352 22281891759728708 18932715084792616 17257012220085044 14710543289041732 18912987947290408 18945684858208256 0 0 0 0 0 0 0
18967887211604036 11649751573539172 13792273858822144 0 0 0 0 0 0 0 0 0 0 0
18932779609965380 18945973296123688 27920325633336164 13866113965173072 18932779609965380 18894007811702784 0 0 0 0 0 0 0 0
18932779609965380 18932779609965380 18945684858208256 0 0 0 0 0 0 0 0 0 0 0
18977996725773156 27910292736926512 27921424153013288 27975301211505516 9007199254740992 0 0 0 0 0 0 0 0 0
22303881959457576 17257012404627516 22281891724411688 18858823439613952 0 0 0 0 0 0 0 0 0 0
18932663644145920 0 0 0 0 0 0 0 0 0 0 0 0 0
22303929051991848 27920325633336164 13878208593078588 22236523160141824 0 0 0 0 0 0 0 0 0 0
18932663644144424 17257012215676928 0 0 0 0 0 0 0 0 0 0 0 0
18932779609965380 18932779609965380 18932490718674944 0 0 0 0 0 0 0 0 0 0 0
18932702015341380 11332954935083816 18904076341825328 0 0 0 0 0 0 0 0 0 0 0
18967891506586468 14482093680520804 31016549551906816 0 0 0 0 0 0 0 0 0 0 0
18932779609965380 11326409272393728 0 0 0 0 0 0 0 0 0 0 0 0
18932779609965380 18932663545964880 18858823439613952 0 0 0 0 0 0 0 0 0 0 0
19812312141751080 19748755212402688 0 0 0 0 0 0 0 0 0 0 0 0
22303881959450692 14147705004113232 11626524557791016 18903067225842484 27975301214712116 0 0 0 0 0 0 0 0 0
18932779792745284 18904329446697060 27910430025403944 17257012120201540 11336141651716422 11626408779393340 22236523160141824 0 0 0 0 0 0 0
18932830021091328 0 0 0 0 0 0 0 0 0 0 0 0 0
22303881976234792 17257012218898500 18932779306271528 17257012403503104 0 0 0 0 0 0 0 0 0 0
27920324642095912 17257012421404740 11614314151487822 18932668479791972 13792273858822144 0 0 0 0 0 0 0 0 0
18932663644142916 18915186970929212 22281943569871460 27975300223558448 27975301214712104 27921175496828996 11614278763151360 0 0 0 0 0 0 0
18944758272049960 17257012404629828 18932779609965360 0 0 0 0 0 0 0 0 0 0 0
18977859282944816 11333130896225064 18977747916564548 30444666116129644 11614352453102632 18915071462484292 30444666116129644 11614314254051624 18977747916436548 30399297484750848 0 0 0 0
18932779609965380 18931880833318912 0 0 0 0 0 0 0 0 0 0 0 0
18932779610686248 17257012940333864 22028888289782096 18904377527001956 27975300372627456 0 0 0 0 0 0 0 0 0
18944758272058160 27910291617359940 11661593787065188 27975300372063024 17256972436897792 0 0 0 0 0 0 0 0 0
18932779157760324 18858823439613952 0 0 0 0 0 0 0 0 0 0 0 0
18967887211619112 27975085491890236 22281866455285760 0 0 0 0 0 0 0 0 0 0 0
18932663644144452 18945684858208256 0 0 0 0 0 0 0 0 0 0 0 0
18932710638830404 13866114065056562 17243929296326440 18932779306864424 18915187423917096 22281891491282944 0 0 0 0 0 0 0 0
18932663644147524 11326409272404048 11584880540607332 11332057156510512 11649542112109352 18702870549574176 0 0 0 0 0 0 0 0
22064116251127336 27920325633336164 13837779712429864 27921287850491904 0 0 0 0 0 0 0 0 0 0
18932779156973864 18904242718769152 0 0 0 0 0 0 0 0 0 0 0 0
18967887211619112 22282030002798592 0 0 0 0 0 0 0 0 0 0 0 0
18932831149182720 0 0 0 0 0 0 0 0 0 0 0 0 0
18944758272058160 27975301214712064 0 0 0 0 0 0 0 0 0 0 0 0
18912988400661060 18932779608851248 0 0 0 0 0 0 0 0 0 0 0 0
18932779610996736 0 0 0 0 0 0 0 0 0 0 0 0 0
27920325633323620 11368061867340644 27975300426195812 15027452286022244 15027249610752000 0 0 0 0 0 0 0 0 0
18977859133326120 18977747920234820 30399297484750848 0 0 0 0 0 0 0 0 0 0 0
18932779156590376 18932490718674944 0 0 0 0 0 0 0 0 0 0 0 0
18926182538104320 0 0 0 0 0 0 0 0 0 0 0 0 0
18932702300549700 14429179529800004 14704057887767888 11614404445680680 18904192037439016 18903143899415344 11332843568441424 11614314151487812 22236523160141824 0 0 0 0 0
18932779609958460 22281890899689472 0 0 0 0 0 0 0 0 0 0 0 0
18932827390307940 11345049413691688 18904191874261800 22310368381566976 0 0 0 0 0 0 0 0 0 0
18932779609958468 11614429087006720 0 0 0 0 0 0 0 0 0 0 0 0
18702981679706624 0 0 0 0 0 0 0 0 0 0 0 0 0
18944873784495912 22345586932147044 27920187202414916 0 0 0 0 0 0 0 0 0 0 0
22303881959457604 22009350301049700 11385658346973244 22281866455285760 0 0 0 0 0 0 0 0 0 0
18913125556511588 27975090758181732 27923624168219492 14745761749139456 0 0 0 0 0 0 0 0 0 0
18946110888567652 27975085930053632 0 0 0 0 0 0 0 0 0 0 0 0
18946029130699560 11346148942897968 27975047275358564 11332057156510512 18977570695413760 0 0 0 0 0 0 0 0 0
18977859133729832 18932663545964880 18914062140719980 11614314151487844 13901552379192112 18914062339407872 0 0 0 0 0 0 0 0
18977859133729832 18903229935084388 11333130898334512 11649542112109352 18977748456518176 0 0 0 0 0 0 0 0 0
18945973296123688 18926181411717120 0 0 0 0 0 0 0 0 0 0 0 0
18944758272049960 17257012406727268 27975047476097380 27975047275358564 27920076525220352 0 0 0 0 0 0 0 0 0
21999291956670820 27975301211433316 14183027355902770 0 0 0 0 0 0 0 0 0 0 0
18932663644152624 27975300222757220 27919898764115968 0 0 0 0 0 0 0 0 0 0 0
22345586928272236 11649752565494084 30399297484750848 0 0 0 0 0 0 0 0 0 0 0
22310479046066984 22310401568100136 22310363367156036 11346037707984680 18903143899408464 11614357400059904 0 0 0 0 0 0 0 0
22310402019315496 18903143899408464 11614314450993968 22236523160141824 0 0 0 0 0 0 0 0 0 0
18979986130615632 11661593249669936 31071572211221288 22281892227801904 27921261594148864 0 0 0 0 0 0 0 0 0
22310478878229288 17257012218315628 11614605872932944 11649537817142056 27975085491890236 22281866455285760 0 0 0 0 0 0 0 0
18932779157760296 18932667940798464 0 0 0 0 0 0 0 0 0 0 0 0
18932714950574916 14147589041767220 18932702568984900 18914019191112500 18932779375853568 0 0 0 0 0 0 0 0 0
18703118818829156 27975085913669632 0 0 0 0 0 0 0 0 0 0 0 0
22345586928272236 11649751573556264 27975085930053632 0 0 0 0 0 0 0 0 0 0 0
18932779792745284 18904329446697060 27910430025403944 17257012120201556 11344937744158504 17257012402863440 11607883556847616 0 0 0 0 0 0 0
18914225051362148 27975086110163780 19748616784400168 27922524656591716 14129961367502848 0 0 0 0 0 0 0 0 0
18932663644144424 17257012218315560 18858823439613952 0 0 0 0 0 0 0 0 0 0 0
22303881959457576 17257012404627516 22281891724411688 18904191871435580 18903092359790592 0 0 0 0 0 0 0 0 0
27920324642154820 14147588941883716 14464501341432164 27939910346551908 27920071892609280 0 0 0 0 0 0 0 0 0
18979981840245552 31006516360456252 22282076258773348 11326409274503474 0 0 0 0 0 0 0 0 0 0
18932663545964884 18916286934367556 18903067225834308 18912872434844468 18932779322983208 18903092796011060 18932779156590376 22292775474312448 0 0 0 0 0 0
18967887211619112 22282030002815744 0 0 0 0 0 0 0 0 0 0 0 0
22280929655612260 27975085493269092 27975301211488256 0 0 0 0 0 0 0 0 0 0 0
18977996725773096 18977748452664164 13866405688717924 27910292736926504 18977748456518212 30434481856839680 0 0 0 0 0 0 0 0
22028888289782116 13901552379913008 9007199254740992 0 0 0 0 0 0 0 0 0 0 0
23471486838989668 27919898764115968 0 0 0 0 0 0 0 0 0 0 0 0
18944873784495912 22345586932131908 11649751573539172 13792273858822144 0 0 0 0 0 0 0 0 0 0
18977859284714288 18903092494036008 18915071462484292 11326357716036648 18913971950856516 14399493854806892 11614605180665856 0 0 0 0 0 0 0
18950440511078400 0 0 0 0 0 0 0 0 0 0 0 0 0
22028888289782116 13901552379192112 0 0 0 0 0 0 0 0 0 0 0 0
18977996725773156 27975085913669632 0 0 0 0 0 0 0 0 0 0 0 0
18945973296123688 27920325633336164 13879423884280616 18945973481849668 11346037707394856 18915238527314000 11614314450993970 22236523160141824 0 0 0 0 0 0
18932779609958480 11614429087006720 0 0 0 0 0 0 0 0 0 0 0 0
18932826571485552 27910291616654120 18904329445327656 17257012755915620 27987395017383936 0 0 0 0 0 0 0 0 0
22345586932131908 30444804326835052 11649536149684224 0 0 0 0 0 0 0 0 0 0 0
18967887211619172 14182812607537972 27975301214712624 0 0 0 0 0 0 0 0 0 0 0
18932779609958468 18904192504561664 0 0 0 0 0 0 0 0 0 0 0 0
18932663644147240 18903092359801156 11326409273459524 11326358171691332 30399297484750848 0 0 0 0 0 0 0 0 0
18967887211619172 27919898764115968 0 0 0 0 0 0 0 0 0 0 0 0
18977996725773156 27910476430656296 18977747464580136 18977570695413760 0 0 0 0 0 0 0 0 0 0
18912988400663876 18932701172072448 0 0 0 0 0 0 0 0 0 0 0 0
18944758272049960 17261410536080168 17261410449376040 18894007811702784 0 0 0 0 0 0 0 0 0 0
18945973447115588 11326409272410920 18904192004607844 14182773416536420 11346148944208680 22310368197100340 17256834997944320 0 0 0 0 0 0 0
18932779609965380 18932779806883840 0 0 0 0 0 0 0 0 0 0 0 0
18932779156973864 18904192303235072 0 0 0 0 0 0 0 0 0 0 0 0
18944873784495912 18903092360856388 23450556824496424 22310367209145128 0 0 0 0 0 0 0 0 0 0
22345586932131908 30444803338759208 27910292736926512 18977570695413760 0 0 0 0 0 0 0 0 0 0
18932779609575168 0 0 0 0 0 0 0 0 0 0 0 0 0
18932715185451844 14147705004703044 18903067225834300 18932701847562564 14118030640621648 11614429945283368 18916171171054376 17257012220871464 18904166736855040 0 0 0 0 0
18932779605557248 0 0 0 0 0 0 0 0 0 0 0 0 0
18946110888567652 27975086124302336 0 0 0 0 0 0 0 0 0 0 0 0
18932702300549700 14429179980828456 11332839174777156 11614361043020100 18903143899410984 19748616984347432 18926182538427728 11614404444500992 0 0 0 0 0 0
18977859133729832 18903093482170436 30444667036237824 0 0 0 0 0 0 0 0 0 0 0
18932831147801936 11649537817142116 27920187202031400 22310478202011648 0 0 0 0 0 0 0 0 0 0
18932663644144464 0 0 0 0 0 0 0 0 0 0 0 0 0
18932663644144484 13901552379192112 0 0 0 0 0 0 0 0 0 0 0 0
20621654111551488 0 0 0 0 0 0 0 0 0 0 0 0 0
18932779608198952 18932778481483776 0 0 0 0 0 0 0 0 0 0 0 0
18932779609968452 11326409272393728 0 0 0 0 0 0 0 0 0 0 0 0
22345586928272236 11649498626140516 27910292736926512 18977570695413760 0 0 0 0 0 0 0 0 0 0
18932780145664868 27975300369350656 0 0 0 0 0 0 0 0 0 0 0 0
19777088624601156 30444665899985192 19748617921232896 0 0 0 0 0 0 0 0 0 0 0
18932753840160080 0 0 0 0 0 0 0 0 0 0 0 0 0
18944758272049960 17257012402864936 18894007811702784 0 0 0 0 0 0 0 0 0 0 0
18967887211604036 11649498621764452 13865941137883136 0 0 0 0 0 0 0 0 0 0 0
18932663545964880 18915071459803956 18914087912288572 18932663545964868 18932702299439940 18915122997707556 18858823439613952 0 0 0 0 0 0 0
18932831365905748 11584794941139278 14147588941883748 13901552379192112 18914062339407872 0 0 0 0 0 0 0 0 0
27920325633336164 13878324203704104 27921424153782628 27975300386127872 0 0 0 0 0 0 0 0 0 0
18932826401620776 18903067292947268 18903093482175812 0 0 0 0 0 0 0 0 0 0 0
18977859582296064 0 0 0 0 0 0 0 0 0 0 0 0 0
18932663545964880 27920325629464148 11326409270639952 11614314299992134 11617617616323368 27975085922975744 0 0 0 0 0 0 0 0
22303881807740228 18926183075963748 27920239195808560 27921175681385284 18932779337121792 0 0 0 0 0 0 0 0 0
18932693710226268 18858823439613952 0 0 0 0 0 0 0 0 0 0 0 0
18944873784495912 22322548186825556 18904191854651688 18904191716032512 0 0 0 0 0 0 0 0 0 0
22303881976234792 17257012218898500 18932779609965360 11614314151487822 14073748835532800 0 0 0 0 0 0 0 0 0
27920071689519912 11332843567932260 11332839272949828 11614319085299792 18903067225837124 11649536149684224 0 0 0 0 0 0 0 0
22345591227099216 11649537276394832 11614429763298096 27921176033715044 27910343156246608 11649544739618816 0 0 0 0 0 0 0 0
22303881809834340 27975301211433316 14183027355902770 0 0 0 0 0 0 0 0 0 0 0
18932779609965380 18932779609965380 18932779609965312 0 0 0 0 0 0 0 0 0 0 0
21999365320172388 27975300372063024 27975301214712352 0 0 0 0 0 0 0 0 0 0 0
18932779156980520 18945684858208256 0 0 0 0 0 0 0 0 0 0 0 0
22345586932149860 27919898764115968 0 0 0 0 0 0 0 0 0 0 0 0
18977966960493360 18977570695413760 0 0 0 0 0 0 0 0 0 0 0 0
18932702300554052 13792273858822144 0 0 0 0 0 0 0 0 0 0 0 0
18932663644144452 11332843766546432 0 0 0 0 0 0 0 0 0 0 0 0
22291924771890020 11344938736496974 11332843567856976 11649546407061572 11649752562283296 0 0 0 0 0 0 0 0 0
18932663644137540 11614480626614272 0 0 0 0 0 0 0 0 0 0 0 0
18932663644137540 11614314151487812 11346286517379940 11333130898334512 11661636740735854 14073748835532800 0 0 0 0 0 0 0 0
18967887211604080 31297775705013584 11626572090126948 27975301211488256 0 0 0 0 0 0 0 0 0 0
18932753835753472 0 0 0 0 0 0 0 0 0 0 0 0 0
22345586932146984 18977748456517956 27921425141089132 11649752562290432 0 0 0 0 0 0 0 0 0 0
18932831147801936 11626661999240036 27910343588592976 11626661982462820 27975085493269024 0 0 0 0 0 0 0 0 0
22303881960829540 27975301211505448 17257012755915620 27975300372692992 0 0 0 0 0 0 0 0 0 0
18932779609965380 11332843766546432 0 0 0 0 0 0 0 0 0 0 0 0
18932702199883844 11326409273140018 27975301214712360 23406666853197884 22281892028952832 0 0 0 0 0 0 0 0 0
18932779612057956 27975301211422720 0 0 0 0 0 0 0 0 0 0 0 0
22303881959457576 17257012218314064 11626446942371840 0 0 0 0 0 0 0 0 0 0 0
18946029130699560 11346148942897968 27975300223820592 27975300223553576 17261409814397736 22310368200307240 27975084798902272 0 0 0 0 0 0 0
22046480475826472 17257012755784548 11368277585511276 11614356748839246 18903067225842484 27975301214712372 0 0 0 0 0 0 0 0
18932663644144464 18903067225834240 0 0 0 0 0 0 0 0 0 0 0 0
18932663644144424 18904076341822208 0 0 0 0 0 0 0 0 0 0 0 0
18977996725773156 11368023649429860 13866405688717924 11333130898334504 18977748452655980 11649541575811072 0 0 0 0 0 0 0 0
21993820517393252 27975300373750608 0 0 0 0 0 0 0 0 0 0 0 0
18967887211619172 11368061865961532 22281866455285760 0 0 0 0 0 0 0 0 0 0 0
19777088624601160 11614314254051650 32123331717103616 0 0 0 0 0 0 0 0 0 0 0
18944873784495912 22322548186829636 11614314151487822 11332843565219840 0 0 0 0 0 0 0 0 0 0
18932848329446224 11326426450513732 11627623226540032 0 0 0 0 0 0 0 0 0 0 0
18932779156973892 0 0 0 0 0 0 0 0 0 0 0 0 0
18946029130698536 11346148942889768 17243930435871536 27975047275358564 11333130898334512 18977570695413760 0 0 0 0 0 0 0 0
